Running 2m test @ http://nginx-thrift.social-network.svc.cluster.local:8080
  2 threads and 32 connections

  Thread calibration: mean lat.: 69.657ms, rate sampling interval: 262ms
  Thread calibration: mean lat.: 71.441ms, rate sampling interval: 280ms

-----------------------------------------------------------------------
Test Results @ http://nginx-thrift.social-network.svc.cluster.local:8080 
  Thread Stats   Avg      Stdev     99%   +/- Stdev
    Latency    24.90ms   34.30ms 175.23ms   87.30%
    Req/Sec    49.01     13.45    84.00     69.17%
  Latency Distribution (HdrHistogram - Recorded Latency)
 50.000%   11.17ms
 75.000%   15.48ms
 90.000%   71.49ms
 99.000%  175.23ms
 99.900%  286.46ms
 99.990%  340.99ms
 99.999%  347.90ms
100.000%  347.90ms

  Detailed Percentile spectrum:
       Value   Percentile   TotalCount 1/(1-Percentile)

       3.247     0.000000            1         1.00
       9.007     0.100000         1090         1.11
       9.735     0.200000         2187         1.25
      10.215     0.300000         3278         1.43
      10.679     0.400000         4350         1.67
      11.167     0.500000         5436         2.00
      11.471     0.550000         5990         2.22
      11.823     0.600000         6523         2.50
      12.335     0.650000         7064         2.86
      13.111     0.700000         7609         3.33
      15.479     0.750000         8150         4.00
      19.343     0.775000         8422         4.44
      26.895     0.800000         8693         5.00
      37.535     0.825000         8968         5.71
      49.055     0.850000         9237         6.67
      59.935     0.875000         9508         8.00
      65.119     0.887500         9644         8.89
      71.487     0.900000         9780        10.00
      77.247     0.912500         9916        11.43
      83.263     0.925000        10052        13.33
      89.407     0.937500        10187        16.00
      92.351     0.943750        10258        17.78
      95.167     0.950000        10324        20.00
      99.391     0.956250        10391        22.86
     102.975     0.962500        10459        26.67
     109.247     0.968750        10527        32.00
     113.087     0.971875        10561        35.56
     116.927     0.975000        10595        40.00
     124.607     0.978125        10629        45.71
     134.271     0.981250        10663        53.33
     148.095     0.984375        10697        64.00
     153.983     0.985938        10714        71.11
     162.175     0.987500        10732        80.00
     171.135     0.989062        10748        91.43
     177.023     0.990625        10765       106.67
     186.367     0.992188        10782       128.00
     190.079     0.992969        10790       142.22
     193.791     0.993750        10799       160.00
     200.447     0.994531        10807       182.86
     205.695     0.995313        10816       213.33
     222.079     0.996094        10824       256.00
     224.511     0.996484        10828       284.44
     231.295     0.996875        10833       320.00
     239.615     0.997266        10837       365.71
     254.719     0.997656        10841       426.67
     259.711     0.998047        10845       512.00
     260.991     0.998242        10847       568.89
     273.151     0.998437        10850       640.00
     278.527     0.998633        10852       731.43
     286.463     0.998828        10855       853.33
     289.023     0.999023        10856      1024.00
     289.279     0.999121        10857      1137.78
     289.791     0.999219        10858      1280.00
     298.751     0.999316        10859      1462.86
     305.407     0.999414        10860      1706.67
     308.479     0.999512        10861      2048.00
     308.991     0.999561        10862      2275.56
     308.991     0.999609        10862      2560.00
     311.551     0.999658        10863      2925.71
     311.551     0.999707        10863      3413.33
     340.479     0.999756        10864      4096.00
     340.479     0.999780        10864      4551.11
     340.479     0.999805        10864      5120.00
     340.991     0.999829        10865      5851.43
     340.991     0.999854        10865      6826.67
     340.991     0.999878        10865      8192.00
     340.991     0.999890        10865      9102.22
     340.991     0.999902        10865     10240.00
     347.903     0.999915        10866     11702.86
     347.903     1.000000        10866          inf
#[Mean    =       24.898, StdDeviation   =       34.299]
#[Max     =      347.648, Total count    =        10866]
#[Buckets =           27, SubBuckets     =         2048]
-----------------------------------------------------------------------
  11903 requests in 2.00m, 143.72MB read
  Socket errors: connect 0, read 0, write 0, timeout 2
Requests/sec:     99.18  
Transfer/sec:      1.20MB
