Running 5m test @ http://nginx-thrift.social-network.svc.cluster.local:8080
  2 threads and 32 connections

  Thread calibration: mean lat.: 19.189ms, rate sampling interval: 92ms
  Thread calibration: mean lat.: 16.918ms, rate sampling interval: 75ms

-----------------------------------------------------------------------
Test Results @ http://nginx-thrift.social-network.svc.cluster.local:8080 
  Thread Stats   Avg      Stdev     99%   +/- Stdev
    Latency    29.05ms   36.36ms 172.93ms   85.76%
    Req/Sec    49.68     26.16   120.00     69.35%
  Latency Distribution (HdrHistogram - Recorded Latency)
 50.000%   11.21ms
 75.000%   34.59ms
 90.000%   80.00ms
 99.000%  172.93ms
 99.900%  277.50ms
 99.990%  391.68ms
 99.999%  427.01ms
100.000%  427.01ms

  Detailed Percentile spectrum:
       Value   Percentile   TotalCount 1/(1-Percentile)

       3.495     0.000000            1         1.00
       9.015     0.100000         2909         1.11
       9.631     0.200000         5817         1.25
      10.087     0.300000         8700         1.43
      10.567     0.400000        11590         1.67
      11.207     0.500000        14467         2.00
      11.687     0.550000        15917         2.22
      12.543     0.600000        17348         2.50
      15.055     0.650000        18793         2.86
      22.479     0.700000        20237         3.33
      34.591     0.750000        21685         4.00
      41.567     0.775000        22407         4.44
      48.447     0.800000        23130         5.00
      55.487     0.825000        23853         5.71
      62.975     0.850000        24576         6.67
      71.679     0.875000        25306         8.00
      75.647     0.887500        25658         8.89
      79.999     0.900000        26019        10.00
      84.031     0.912500        26381        11.43
      89.343     0.925000        26745        13.33
      94.975     0.937500        27107        16.00
      97.535     0.943750        27288        17.78
     100.799     0.950000        27467        20.00
     104.383     0.956250        27647        22.86
     109.247     0.962500        27828        26.67
     116.031     0.968750        28007        32.00
     121.343     0.971875        28097        35.56
     127.871     0.975000        28188        40.00
     134.655     0.978125        28278        45.71
     142.975     0.981250        28368        53.33
     152.575     0.984375        28459        64.00
     158.079     0.985938        28504        71.11
     163.199     0.987500        28550        80.00
     169.599     0.989062        28594        91.43
     175.103     0.990625        28639       106.67
     183.167     0.992188        28685       128.00
     188.031     0.992969        28707       142.22
     192.383     0.993750        28730       160.00
     198.399     0.994531        28752       182.86
     204.415     0.995313        28776       213.33
     212.607     0.996094        28798       256.00
     218.623     0.996484        28809       284.44
     223.103     0.996875        28820       320.00
     227.711     0.997266        28832       365.71
     234.751     0.997656        28843       426.67
     241.791     0.998047        28854       512.00
     247.295     0.998242        28860       568.89
     254.335     0.998437        28865       640.00
     257.919     0.998633        28871       731.43
     270.079     0.998828        28877       853.33
     278.783     0.999023        28882      1024.00
     281.855     0.999121        28885      1137.78
     284.671     0.999219        28888      1280.00
     296.959     0.999316        28891      1462.86
     312.575     0.999414        28894      1706.67
     342.271     0.999512        28896      2048.00
     346.111     0.999561        28898      2275.56
     347.391     0.999609        28899      2560.00
     361.471     0.999658        28901      2925.71
     363.775     0.999707        28902      3413.33
     365.311     0.999756        28903      4096.00
     372.991     0.999780        28904      4551.11
     383.231     0.999805        28905      5120.00
     383.999     0.999829        28906      5851.43
     383.999     0.999854        28906      6826.67
     391.679     0.999878        28907      8192.00
     391.679     0.999890        28907      9102.22
     411.903     0.999902        28908     10240.00
     411.903     0.999915        28908     11702.86
     411.903     0.999927        28908     13653.33
     418.303     0.999939        28909     16384.00
     418.303     0.999945        28909     18204.44
     418.303     0.999951        28909     20480.00
     418.303     0.999957        28909     23405.71
     418.303     0.999963        28909     27306.67
     427.007     0.999969        28910     32768.00
     427.007     1.000000        28910          inf
#[Mean    =       29.048, StdDeviation   =       36.356]
#[Max     =      426.752, Total count    =        28910]
#[Buckets =           27, SubBuckets     =         2048]
-----------------------------------------------------------------------
  29949 requests in 5.00m, 361.62MB read
  Socket errors: connect 0, read 0, write 0, timeout 10
Requests/sec:     99.83  
Transfer/sec:      1.21MB
