Running 10m test @ http://nginx-thrift.social-network.svc.cluster.local:8080
  2 threads and 32 connections

  Thread calibration: mean lat.: 284.055ms, rate sampling interval: 1397ms
  Thread calibration: mean lat.: 266.054ms, rate sampling interval: 1211ms

-----------------------------------------------------------------------
Test Results @ http://nginx-thrift.social-network.svc.cluster.local:8080 
  Thread Stats   Avg      Stdev     99%   +/- Stdev
    Latency     1.26m     1.31m    3.86m    77.75%
    Req/Sec    49.46     51.65   158.00     77.67%
  Latency Distribution (HdrHistogram - Recorded Latency)
 50.000%    0.87m 
 75.000%    2.41m 
 90.000%    3.31m 
 99.000%    3.86m 
 99.900%    3.96m 
 99.990%    3.99m 
 99.999%    4.00m 
100.000%    4.00m 

  Detailed Percentile spectrum:
       Value   Percentile   TotalCount 1/(1-Percentile)

       3.351     0.000000            1         1.00
      13.887     0.100000         5879         1.11
      76.991     0.200000        11761         1.25
     204.287     0.300000        17635         1.43
   14794.751     0.400000        23512         1.67
   52494.335     0.500000        29395         2.00
   71041.023     0.550000        32329         2.22
   88539.135     0.600000        35272         2.50
  107872.255     0.650000        38212         2.86
  126484.479     0.700000        41152         3.33
  144834.559     0.750000        44110         4.00
  153616.383     0.775000        45567         4.44
  162922.495     0.800000        47029         5.00
  172097.535     0.825000        48518         5.71
  180617.215     0.850000        49980         6.67
  189136.895     0.875000        51446         8.00
  193593.343     0.887500        52174         8.89
  198443.007     0.900000        52923        10.00
  203423.743     0.912500        53656        11.43
  208404.479     0.925000        54387        13.33
  212991.999     0.937500        55110        16.00
  215089.151     0.943750        55486        17.78
  217317.375     0.950000        55854        20.00
  219545.599     0.956250        56213        22.86
  221904.895     0.962500        56586        26.67
  224133.119     0.968750        56949        32.00
  225181.695     0.971875        57142        35.56
  226099.199     0.975000        57312        40.00
  227409.919     0.978125        57514        45.71
  228589.567     0.981250        57700        53.33
  229507.071     0.984375        57863        64.00
  230162.431     0.985938        57954        71.11
  230817.791     0.987500        58057        80.00
  231342.079     0.989062        58138        91.43
  232128.511     0.990625        58249       106.67
  232783.871     0.992188        58335       128.00
  233046.015     0.992969        58377       142.22
  233308.159     0.993750        58413       160.00
  233832.447     0.994531        58460       182.86
  234356.735     0.995313        58518       213.33
  234749.951     0.996094        58550       256.00
  235143.167     0.996484        58591       284.44
  235274.239     0.996875        58609       320.00
  235405.311     0.997266        58631       365.71
  235667.455     0.997656        58644       426.67
  236060.671     0.998047        58667       512.00
  236191.743     0.998242        58678       568.89
  236453.887     0.998437        58693       640.00
  236847.103     0.998633        58704       731.43
  237109.247     0.998828        58711       853.33
  237371.391     0.999023        58722      1024.00
  237633.535     0.999121        58728      1137.78
  237895.679     0.999219        58743      1280.00
  237895.679     0.999316        58743      1462.86
  238026.751     0.999414        58753      1706.67
  238026.751     0.999512        58753      2048.00
  238157.823     0.999561        58758      2275.56
  238157.823     0.999609        58758      2560.00
  238288.895     0.999658        58759      2925.71
  238551.039     0.999707        58763      3413.33
  238682.111     0.999756        58765      4096.00
  239075.327     0.999780        58767      4551.11
  239337.471     0.999805        58773      5120.00
  239337.471     0.999829        58773      5851.43
  239337.471     0.999854        58773      6826.67
  239337.471     0.999878        58773      8192.00
  239337.471     0.999890        58773      9102.22
  239599.615     0.999902        58774     10240.00
  239599.615     0.999915        58774     11702.86
  239730.687     0.999927        58776     13653.33
  239730.687     0.999939        58776     16384.00
  239730.687     0.999945        58776     18204.44
  239861.759     0.999951        58778     20480.00
  239861.759     0.999957        58778     23405.71
  239861.759     0.999963        58778     27306.67
  239861.759     0.999969        58778     32768.00
  239861.759     0.999973        58778     36408.89
  239861.759     0.999976        58778     40960.00
  239861.759     0.999979        58778     46811.43
  239861.759     0.999982        58778     54613.33
  240254.975     0.999985        58779     65536.00
  240254.975     1.000000        58779          inf
#[Mean    =    75739.503, StdDeviation   =    78569.786]
#[Max     =   240123.904, Total count    =        58779]
#[Buckets =           27, SubBuckets     =         2048]
-----------------------------------------------------------------------
  59808 requests in 10.00m, 713.12MB read
  Socket errors: connect 0, read 0, write 0, timeout 19
  Non-2xx or 3xx responses: 768
Requests/sec:     99.67  
Transfer/sec:      1.19MB
