Running 5m test @ http://nginx-thrift.social-network.svc.cluster.local:8080
  2 threads and 32 connections

  Thread calibration: mean lat.: 28.098ms, rate sampling interval: 149ms
  Thread calibration: mean lat.: 27.404ms, rate sampling interval: 163ms

-----------------------------------------------------------------------
Test Results @ http://nginx-thrift.social-network.svc.cluster.local:8080 
  Thread Stats   Avg      Stdev     99%   +/- Stdev
    Latency    28.67ms   39.50ms 189.57ms   86.46%
    Req/Sec    49.47     19.14   100.00     72.44%
  Latency Distribution (HdrHistogram - Recorded Latency)
 50.000%   11.19ms
 75.000%   24.77ms
 90.000%   81.92ms
 99.000%  189.57ms
 99.900%  325.89ms
 99.990%  390.14ms
 99.999%  432.89ms
100.000%  432.89ms

  Detailed Percentile spectrum:
       Value   Percentile   TotalCount 1/(1-Percentile)

       3.351     0.000000            1         1.00
       8.967     0.100000         2900         1.11
       9.679     0.200000         5797         1.25
      10.167     0.300000         8694         1.43
      10.639     0.400000        11583         1.67
      11.191     0.500000        14470         2.00
      11.527     0.550000        15926         2.22
      11.983     0.600000        17352         2.50
      12.727     0.650000        18785         2.86
      15.007     0.700000        20232         3.33
      24.783     0.750000        21676         4.00
      33.663     0.775000        22399         4.44
      42.687     0.800000        23121         5.00
      52.767     0.825000        23842         5.71
      62.239     0.850000        24565         6.67
      71.999     0.875000        25287         8.00
      76.991     0.887500        25648         8.89
      81.983     0.900000        26012        10.00
      87.551     0.912500        26378        11.43
      92.991     0.925000        26733        13.33
      99.007     0.937500        27093        16.00
     102.207     0.943750        27274        17.78
     106.367     0.950000        27458        20.00
     110.399     0.956250        27637        22.86
     118.143     0.962500        27816        26.67
     129.279     0.968750        27996        32.00
     135.167     0.971875        28088        35.56
     142.591     0.975000        28179        40.00
     148.735     0.978125        28267        45.71
     158.079     0.981250        28358        53.33
     165.887     0.984375        28449        64.00
     171.263     0.985938        28493        71.11
     178.047     0.987500        28539        80.00
     184.831     0.989062        28583        91.43
     194.303     0.990625        28629       106.67
     204.415     0.992188        28674       128.00
     207.871     0.992969        28696       142.22
     212.735     0.993750        28719       160.00
     219.903     0.994531        28741       182.86
     230.911     0.995313        28764       213.33
     241.663     0.996094        28787       256.00
     245.887     0.996484        28799       284.44
     254.463     0.996875        28809       320.00
     264.447     0.997266        28821       365.71
     274.431     0.997656        28832       426.67
     289.791     0.998047        28843       512.00
     293.375     0.998242        28849       568.89
     295.167     0.998437        28854       640.00
     307.711     0.998633        28860       731.43
     318.463     0.998828        28866       853.33
     326.911     0.999023        28871      1024.00
     337.151     0.999121        28874      1137.78
     346.623     0.999219        28877      1280.00
     351.743     0.999316        28880      1462.86
     354.303     0.999414        28883      1706.67
     359.423     0.999512        28885      2048.00
     367.359     0.999561        28887      2275.56
     367.871     0.999609        28888      2560.00
     371.199     0.999658        28890      2925.71
     373.503     0.999707        28891      3413.33
     374.783     0.999756        28892      4096.00
     385.535     0.999780        28893      4551.11
     387.839     0.999805        28894      5120.00
     388.607     0.999829        28895      5851.43
     388.607     0.999854        28895      6826.67
     390.143     0.999878        28896      8192.00
     390.143     0.999890        28896      9102.22
     408.319     0.999902        28897     10240.00
     408.319     0.999915        28897     11702.86
     408.319     0.999927        28897     13653.33
     418.559     0.999939        28898     16384.00
     418.559     0.999945        28898     18204.44
     418.559     0.999951        28898     20480.00
     418.559     0.999957        28898     23405.71
     418.559     0.999963        28898     27306.67
     432.895     0.999969        28899     32768.00
     432.895     1.000000        28899          inf
#[Mean    =       28.670, StdDeviation   =       39.503]
#[Max     =      432.640, Total count    =        28899]
#[Buckets =           27, SubBuckets     =         2048]
-----------------------------------------------------------------------
  29939 requests in 5.00m, 361.50MB read
  Socket errors: connect 0, read 0, write 0, timeout 10
Requests/sec:     99.80  
Transfer/sec:      1.20MB
