filename /users/adas2125/stateful-scaling/results/socialne
Running 10m test @ http://10.43.68.170:8080/wrk2-api/home-timeline/read
  4 threads and 328 connections

  Thread calibration: mean lat.: 10.930ms, rate sampling interval: 30ms
  Thread calibration: mean lat.: 11.053ms, rate sampling interval: 30ms
  Thread calibration: mean lat.: 11.134ms, rate sampling interval: 30ms
  Thread calibration: mean lat.: 10.989ms, rate sampling interval: 30ms

-----------------------------------------------------------------------
Test Results @ http://10.43.68.170:8080/wrk2-api/home-timeline/read 
Sent 1528972 requests

  Thread Stats   Avg      Stdev     99%   +/- Stdev
    Latency    11.43ms    4.85ms  30.03ms   89.21%
    Req/Sec   647.93    142.22     1.00k    65.95%
  Latency Distribution (HdrHistogram - Recorded Latency)
 50.000%   10.36ms
 75.000%   12.31ms
 90.000%   15.99ms
 99.000%   30.03ms
 99.900%   56.45ms
 99.990%   92.35ms
 99.999%  149.89ms
100.000%  212.74ms

  Detailed Percentile spectrum:
       Value   Percentile   TotalCount 1/(1-Percentile)

       0.582     0.000000            1         1.00
       7.851     0.100000       151066         1.11
       8.599     0.200000       301619         1.25
       9.223     0.300000       452970         1.43
       9.791     0.400000       602895         1.67
      10.359     0.500000       752233         2.00
      10.663     0.550000       828459         2.22
      10.991     0.600000       903982         2.50
      11.351     0.650000       977954         2.86
      11.783     0.700000      1054059         3.33
      12.311     0.750000      1128090         4.00
      12.647     0.775000      1165986         4.44
      13.047     0.800000      1203608         5.00
      13.535     0.825000      1241008         5.71
      14.159     0.850000      1278632         6.67
      14.951     0.875000      1316278         8.00
      15.439     0.887500      1335119         8.89
      15.991     0.900000      1353801        10.00
      16.639     0.912500      1372749        11.43
      17.391     0.925000      1391532        13.33
      18.303     0.937500      1410254        16.00
      18.847     0.943750      1419751        17.78
      19.439     0.950000      1429053        20.00
      20.143     0.956250      1438476        22.86
      20.991     0.962500      1447884        26.67
      22.015     0.968750      1457140        32.00
      22.655     0.971875      1461874        35.56
      23.375     0.975000      1466605        40.00
      24.239     0.978125      1471269        45.71
      25.279     0.981250      1475958        53.33
      26.559     0.984375      1480651        64.00
      27.343     0.985938      1482970        71.11
      28.223     0.987500      1485311        80.00
      29.311     0.989062      1487668        91.43
      30.607     0.990625      1490017       106.67
      32.287     0.992188      1492375       128.00
      33.279     0.992969      1493537       142.22
      34.399     0.993750      1494730       160.00
      35.711     0.994531      1495907       182.86
      37.183     0.995313      1497068       213.33
      39.135     0.996094      1498246       256.00
      40.351     0.996484      1498824       284.44
      41.599     0.996875      1499416       320.00
      43.135     0.997266      1499999       365.71
      44.959     0.997656      1500589       426.67
      47.199     0.998047      1501178       512.00
      48.639     0.998242      1501473       568.89
      50.207     0.998437      1501766       640.00
      52.159     0.998633      1502057       731.43
      54.367     0.998828      1502351       853.33
      56.703     0.999023      1502643      1024.00
      58.079     0.999121      1502790      1137.78
      59.551     0.999219      1502936      1280.00
      61.311     0.999316      1503083      1462.86
      63.231     0.999414      1503232      1706.67
      66.495     0.999512      1503380      2048.00
      68.223     0.999561      1503453      2275.56
      70.335     0.999609      1503526      2560.00
      72.831     0.999658      1503599      2925.71
      75.007     0.999707      1503674      3413.33
      77.887     0.999756      1503744      4096.00
      79.615     0.999780      1503781      4551.11
      82.175     0.999805      1503819      5120.00
      84.479     0.999829      1503854      5851.43
      87.295     0.999854      1503891      6826.67
      89.215     0.999878      1503929      8192.00
      90.687     0.999890      1503949      9102.22
      92.671     0.999902      1503966     10240.00
      95.423     0.999915      1503983     11702.86
      97.983     0.999927      1504001     13653.33
     101.247     0.999939      1504020     16384.00
     102.527     0.999945      1504029     18204.44
     104.575     0.999951      1504038     20480.00
     107.135     0.999957      1504048     23405.71
     109.183     0.999963      1504056     27306.67
     114.943     0.999969      1504066     32768.00
     120.255     0.999973      1504070     36408.89
     126.399     0.999976      1504075     40960.00
     127.999     0.999979      1504079     46811.43
     134.015     0.999982      1504084     54613.33
     139.391     0.999985      1504089     65536.00
     139.647     0.999986      1504091     72817.78
     142.591     0.999988      1504093     81920.00
     149.375     0.999989      1504095     93622.86
     152.703     0.999991      1504098    109226.67
     155.903     0.999992      1504100    131072.00
     156.543     0.999993      1504101    145635.56
     160.255     0.999994      1504102    163840.00
     162.431     0.999995      1504103    187245.71
     168.575     0.999995      1504105    218453.33
     168.703     0.999996      1504106    262144.00
     168.703     0.999997      1504106    291271.11
     169.343     0.999997      1504107    327680.00
     169.343     0.999997      1504107    374491.43
     178.047     0.999998      1504108    436906.67
     179.071     0.999998      1504109    524288.00
     179.071     0.999998      1504109    582542.22
     179.071     0.999998      1504109    655360.00
     179.071     0.999999      1504109    748982.86
     182.783     0.999999      1504110    873813.33
     182.783     0.999999      1504110   1048576.00
     182.783     0.999999      1504110   1165084.44
     182.783     0.999999      1504110   1310720.00
     182.783     0.999999      1504110   1497965.71
     212.735     0.999999      1504111   1747626.67
     212.735     1.000000      1504111          inf
#[Mean    =       11.429, StdDeviation   =        4.854]
#[Max     =      212.608, Total count    =      1504111]
#[Buckets =           27, SubBuckets     =         2048]
-----------------------------------------------------------------------
  1528942 requests in 10.00m, 20.56GB read
Requests/sec:   2548.21  
Transfer/sec:     35.09MB
