filename /tmp/p6-retry.diP481/url0thread0.txt
Running 10m test @ http://10.43.68.170:8080/wrk2-api/home-timeline/read
  4 threads and 328 connections

  Thread calibration: mean lat.: 225.727ms, rate sampling interval: 1315ms
  Thread calibration: mean lat.: 219.254ms, rate sampling interval: 1338ms
  Thread calibration: mean lat.: 268.305ms, rate sampling interval: 1471ms
  Thread calibration: mean lat.: 239.388ms, rate sampling interval: 1430ms

-----------------------------------------------------------------------
Test Results @ http://10.43.68.170:8080/wrk2-api/home-timeline/read 
Sent 1528962 requests

  Thread Stats   Avg      Stdev     99%   +/- Stdev
    Latency     9.46s    19.30s    1.64m    89.14%
    Req/Sec   626.92     40.84   696.00     75.18%
  Latency Distribution (HdrHistogram - Recorded Latency)
 50.000%    1.25s 
 75.000%    8.81s 
 90.000%   31.06s 
 99.000%    1.64m 
 99.900%    2.52m 
 99.990%    2.89m 
 99.999%    2.93m 
100.000%    2.94m 

  Detailed Percentile spectrum:
       Value   Percentile   TotalCount 1/(1-Percentile)

       0.085     0.000000            1         1.00
      74.495     0.100000       148061         1.11
     132.991     0.200000       295991         1.25
     253.439     0.300000       443999         1.43
     560.127     0.400000       591970         1.67
    1247.231     0.500000       739918         2.00
    1819.647     0.550000       813945         2.22
    2695.167     0.600000       888013         2.50
    4028.415     0.650000       961965         2.86
    6131.711     0.700000      1035883         3.33
    8806.399     0.750000      1110006         4.00
   10698.751     0.775000      1146884         4.44
   12861.439     0.800000      1183962         5.00
   15417.343     0.825000      1220901         5.71
   19054.591     0.850000      1257933         6.67
   23838.719     0.875000      1294914         8.00
   27508.735     0.887500      1313351         8.89
   31064.063     0.900000      1331929        10.00
   34865.151     0.912500      1350378        11.43
   38338.559     0.925000      1368999        13.33
   42205.183     0.937500      1387390        16.00
   44761.087     0.943750      1396606        17.78
   47546.367     0.950000      1405878        20.00
   51216.383     0.956250      1415098        22.86
   55017.471     0.962500      1424337        26.67
   60063.743     0.968750      1433598        32.00
   65077.247     0.971875      1438218        35.56
   70189.055     0.975000      1442842        40.00
   77332.479     0.978125      1447482        45.71
   83689.471     0.981250      1452103        53.33
   89915.391     0.984375      1456702        64.00
   92340.223     0.985938      1459047        71.11
   94568.447     0.987500      1461329        80.00
   97255.423     0.989062      1463695        91.43
  100073.471     0.990625      1465974       106.67
  103415.807     0.992188      1468280       128.00
  104923.135     0.992969      1469442       142.22
  107151.359     0.993750      1470589       160.00
  109576.191     0.994531      1471748       182.86
  112263.167     0.995313      1472903       213.33
  113770.495     0.996094      1474055       256.00
  114229.247     0.996484      1474631       284.44
  115015.679     0.996875      1475214       320.00
  117506.047     0.997266      1475785       365.71
  124911.615     0.997656      1476358       426.67
  135004.159     0.998047      1476938       512.00
  139591.679     0.998242      1477225       568.89
  142737.407     0.998437      1477518       640.00
  145489.919     0.998633      1477806       731.43
  148373.503     0.998828      1478092       853.33
  151781.375     0.999023      1478389      1024.00
  153485.311     0.999121      1478523      1137.78
  155713.535     0.999219      1478683      1280.00
  157417.471     0.999316      1478816      1462.86
  159383.551     0.999414      1478957      1706.67
  162004.991     0.999512      1479112      2048.00
  163184.639     0.999561      1479178      2275.56
  163971.071     0.999609      1479256      2560.00
  164888.575     0.999658      1479322      2925.71
  166461.439     0.999707      1479402      3413.33
  167903.231     0.999756      1479462      4096.00
  170262.527     0.999780      1479499      4551.11
  170917.887     0.999805      1479543      5120.00
  171180.031     0.999829      1479583      5851.43
  172097.535     0.999854      1479610      6826.67
  172752.895     0.999878      1479647      8192.00
  173277.183     0.999890      1479664      9102.22
  173539.327     0.999902      1479684     10240.00
  173932.543     0.999915      1479707     11702.86
  174063.615     0.999927      1479717     13653.33
  174194.687     0.999939      1479734     16384.00
  174325.759     0.999945      1479742     18204.44
  174587.903     0.999951      1479752     20480.00
  174718.975     0.999957      1479763     23405.71
  174850.047     0.999963      1479772     27306.67
  174981.119     0.999969      1479782     32768.00
  175112.191     0.999973      1479788     36408.89
  175112.191     0.999976      1479788     40960.00
  175243.263     0.999979      1479796     46811.43
  175243.263     0.999982      1479796     54613.33
  175374.335     0.999985      1479801     65536.00
  175505.407     0.999986      1479804     72817.78
  175636.479     0.999988      1479808     81920.00
  175636.479     0.999989      1479808     93622.86
  175767.551     0.999991      1479815    109226.67
  175767.551     0.999992      1479815    131072.00
  175767.551     0.999993      1479815    145635.56
  175767.551     0.999994      1479815    163840.00
  175898.623     0.999995      1479817    187245.71
  175898.623     0.999995      1479817    218453.33
  176029.695     0.999996      1479822    262144.00
  176029.695     0.999997      1479822    291271.11
  176029.695     0.999997      1479822    327680.00
  176029.695     0.999997      1479822    374491.43
  176029.695     0.999998      1479822    436906.67
  176029.695     0.999998      1479822    524288.00
  176029.695     0.999998      1479822    582542.22
  176029.695     0.999998      1479822    655360.00
  176029.695     0.999999      1479822    748982.86
  176029.695     0.999999      1479822    873813.33
  176029.695     0.999999      1479822   1048576.00
  176029.695     0.999999      1479822   1165084.44
  176029.695     0.999999      1479822   1310720.00
  176160.767     0.999999      1479823   1497965.71
  176160.767     1.000000      1479823          inf
#[Mean    =     9462.023, StdDeviation   =    19302.898]
#[Max     =   176029.696, Total count    =      1479823]
#[Buckets =           27, SubBuckets     =         2048]
-----------------------------------------------------------------------
  1503233 requests in 10.00m, 20.21GB read
Requests/sec:   2505.36  
Transfer/sec:     34.50MB
