14471
13503
12263
16911
13199
12535
16991
19039
11871
14191
19199
24271
29839
17695
19247
15079
13471
15527
23535
24111
18751
19039
29439
24575
19023
12463
31247
15103
26095
22543
17887
19983
20639
22559
17487
15719
22479
23951
15991
14191
15367
18271
16447
19711
19343
109759
203007
245759
223359
547327
704511
817151
837631
829951
904191
768511
787967
838655
836607
1084415
1051647
1174527
870399
1485823
840191
1426431
1187839
1248255
1575935
1593343
1083391
1591295
1155071
1586175
1148927
1660927
1850367
1724415
1297407
1810431
1885183
1884159
1404927
1559551
1560575
1507327
1468415
1489919
1521663
1526783
1164287
1683455
1789951
1455103
1656831
1497087
1522687
1431551
1668095
1626111
1411071
1826815
1517567
1966079
1851391
1963007
1421311
1993727
2056191
1976319
2369535
2002943
1844223
1932287
1696767
2094079
1778687
1709055
1698815
2117631
2037759
2148351
1964031
2134015
2072575
2111487
2242559
1862655
1874943
2342911
2504703
2539519
2177023
2557951
2224127
2697215
2172927
2418687
2674687
2603007
2809855
2158591
2777087
2258943
2162687
2220031
2166783
2308095
2248703
2111487
2623487
2240511
2514943
1976319
2656255
2410495
2846719
2555903
2686975
2762751
3024895
2525183
2754559
2615295
2742271
2717695
2899967
2973695
2899967
2824191
2832383
3174399
2400255
2985983
2887679
2570239
2891775
2863103
2670591
2711551
2813951
2891775
2750463
2709503
3125247
2902015
3235839
3012607
3219455
2928639
3022847
3112959
2967551
2746367
2654207
2641919
2664447
2670591
2813951
2697215
2650111
2670591
3008511
2875391
3125247
2942975
2760703
3053567
3577855
3018751
3145727
3131391
3119103
3583999
2994175
3121151
3299327
3289087
3514367
3315711
3534847
3514367
3235839
3762175
3428351
3612671
3653631
3450879
3457023
3704831
3379199
3809279
3475455
3563519
3891199
3852287
3946495
3950591
4009983
4108287
4118527
4198399
4190207
4403199
4120575
3819519
3966975
4026367
4198399
4046847
3956735
4292607
4329471
3753983
4415487
3878911
4333567
4075519
4435967
4122623
4571135
4612095
4661247
4767743
4808703
4464639
4562943
4653055
4030463
4767743
4636671
4669439
4481023
4538367
4607999
4771839
4349951
4960255
4808703
4825087
4612095
4620287
5013503
4947967
5128191
4935679
4939775
5140479
5111807
4841471
5099519
5275647
5197823
4800511
4968447
5177343
5369855
5181439
5423103
5312511
4210687
5525503
5439487
5500927
5951487
5492735
4841471
5623807
5877759
5971967
5726207
5832703
5984255
6225919
5955583
6516735
5648383
6143999
6090751
6119423
6209535
6135807
6189055
5926911
6316031
5636095
5857279
6152191
6180863
6012927
5984255
6295551
6201343
6164479
6143999
6193151
6254591
6184959
6279167
6086655
6299647
6225919
6610943
5484543
6533119
6512639
6340607
6373375
6340607
6418431
6217727
6406143
6086655
6377471
6844415
6877183
6639615
6742015
6926335
6828031
6561791
6864895
6815743
7065599
7167999
6004735
7016447
7049215
7094271
7139327
7167999
7258111
7008255
7352319
7090175
7131135
6807551
7299071
7348223
6893567
7024639
7155711
7213055
7516159
7016447
7458815
7176191
7327743
7241727
7266303
7315455
7278591
7258111
7122943
7540735
7315455
7405567
7462911
7479295
7471103
6914047
7176191
7397375
7413759
6602751
7073791
7114751
6733823
7278591
7389183
7385087
7020543
7540735
7262207
7000063
7258111
7352319
6905855
7274495
7340031
7319551
7258111
7393279
6963199
7213055
7471103
7405567
7012351
6803455
7774207
7827455
7892991
7987199
7598079
7831551
6639615
7335935
7610367
6815743
7790591
7741439
7442431
7790591
7557119
6643711
7778303
7331839
8454143
7577599
7798783
7868415
7802879
8773631
8495103
8060927
6529023
8028159
8032255
7847935
6914047
8249343
7856127
7974911
7745535
7733247
7843839
7872511
7544831
7544831
7970815
8953855
6803455
8093695
8024063
8126463
9199615
6918143
8294399
8110079
7118847
8536063
7786495
8675327
8486911
8871935
8904703
9232383
8740863
8339455
9109503
8708095
8830975
8196095
9371647
9404415
7372799
8765439
8675327
9396223
8282111
8978431
8732671
8171519
9142271
8994815
9232383
9363455
9215999
8232959
9396223
9510911
9527295
8486911
9543679
9601023
9543679
9486335
9379839
8257535
9715711
9773055
8278015
8822783
9756671
10067967
9748479
9371647
8601599
9437183
10395647
9224191
8486911
8929279
9560063
8503295
9150463
9519103
9617407
8617983
8396799
9822207
9977855
9846783
9330687
9928703
8863743
9568255
8667135
9625599
8839167
9445375
9330687
9486335
9478143
9469951
9273343
11018239
9183231
9519103
9576447
9568255
9068543
8683519
9756671
9789439
8740863
8830975
9781247
9797631
9863167
9420799
10051583
9535487
8970239
11599871
9142271
10248191
9379839
10231807
10354687
10215423
9748479
9740287
10452991
9297919
10584063
10510335
9330687
10739711
9453567
8855551
10747903
12763135
9666559
9601023
10985471
10887167
9789439
10919935
9527295
10829823
12648447
10969087
12017663
11124735
10788863
9486335
12156927
9576447
9609215
11378687
10723327
10739711
11624447
11796479
9314303
11739135
12369919
10600447
11255807
9895935
10657791
10444799
10346495
9756671
12926975
9265151
9961471
11419647
10002431
11436031
9256959
11354111
11419647
10084351
11591679
10338303
11395071
9986047
9527295
10067967
11395071
11395071
9347071
10346495
11517951
10289151
9969663
10313727
10043391
9986047
10551295
10166271
11960319
10231807
10264575
9502719
10133503
10354687
10379263
10559487
12419071
10231807
10682367
10403839
10895359
12394495
12476415
10936319
12541951
12287999
10993663
10625023
12550143
10838015
12255231
11231231
10551295
12214271
12247039
12156927
10108927
10149887
13975551
10289151
10952703
12025855
10248191
12156927
10862591
10584063
10616831
11223039
14098431
10903551
10420223
12836863
10543103
12828671
11149311
11640831
10756095
13131775
10977279
13197311
11304959
13303807
11296767
10682367
11411455
12943359
11436031
11509759
12886015
10928127
11755519
15310847
12730367
10420223
10010623
11550719
8773631
10952703
13082623
11780095
13074431
11984895
10493951
13164543
11001855
15532031
10682367
15441919
10706943
13025279
10018815
13123583
10862591
13033471
10977279
13172735
9805823
13271039
11321343
15925247
12738559
11517951
13393919
13369343
13352959
12910591
13197311
12984319
13074431
13131775
13066239
13033471
13107199
12935167
12664831
11755519
13033471
11739135
12533759
13025279
12599295
11091967
13074431
16056319
13131775
12484607
12001279
11313151
13139967
12591103
12615679
12607487
13189119
11354111
10067967
16179199
12427263
13443071
11419647
13426687
12640255
12648447
13328383
12779519
13393919
12566527
13189119
12992511
12042239
13090815
13254655
13164543
13418495
11698175
13574143
12156927
13729791
12165119
12328959
11534335
13942783
13942783
10633215
13910015
14008319
12287999
12673023
14221311
13606911
12902399
14041087
12918783
12189695
14032895
12591103
14008319
13000703
13737983
14278655
14196735
12222463
17121279
13746175
11706367
16736255
13402111
13950975
13557759
16564223
14123007
13729791
13869055
14049279
14458879
14106623
14204927
16424959
13942783
13910015
14491647
13950975
14630911
14196735
13918207
13828095
14385151
14508031
14376959
14475263
14163967
17203199
14319615
14819327
12468223
15163391
14811135
15081471
11485183
15155199
14647295
15368191
13254655
15212543
14286847
15392767
11255807
12894207
15597567
14434303
14852095
13434879
15695871
14827519
15556607
15663103
15073279
18415615
15187967
13344767
14974975
14442495
14483455
14688255
14721023
13099007
12075007
18644991
13246463
15089663
11485183
14647295
14901247
14630911
15048703
13606911
13639679
15245311
18956287
13869055
14630911
15491071
15491071
15613951
15843327
14352383
14319615
15835135
13254655
15892479
15679487
15679487
15761407
13639679
15908863
15646719
19873791
15810559
15720447
15826943
15171583
15171583
15089663
16424959
13705215
15081471
15384575
16621567
16621567
16728063
12804095
15654911
16130047
15663103
14548991
16277503
20447231
15523839
15695871
20332543
15638527
15695871
14245887
15884287
15835135
14254079
13492223
14360575
16121855
14385151
16015359
14508031
15851519
15572991
15917055
15728639
13869055
15515647
14090239
15990783
14434303
14393343
16162815
15843327
15949823
14663679
16162815
14696447
14229503
16179199
16293887
15040511
15106047
15187967
14508031
16383999
15933439
14524415
20840447
14368767
13017087
16130047
16121855
12558335
15917055
16875519
14368767
16007167
16990207
16113663
14270463
17170431
17301503
14499839
17334271
16449535
16515071
14327807
20676607
14557183
16637951
14475263
17235967
15065087
17301503
17367039
17006591
15327231
17481727
17530879
14188543
17170431
21037055
18006015
15147007
17481727
14450687
21069823
16023551
14442495
18350079
18284543
16220159
18284543
14180351
18415615
18448383
17629183
18612223
16023551
18677759
18677759
16130047
15966207
18071551
18169855
14630911
18874367
16400383
15958015
18235391
16064511
16375807
18317311
12255231
19415039
19316735
16293887
16343039
16416767
19218431
18857983
18563071
18874367
18628607
16670719
18939903
18989055
18808831
18792447
18612223
14376959
18972671
17219583
18595839
19054591
16875519
22364159
17055743
19464191
22413311
19021823
17989631
18087935
22118399
15179775
18825215
19234815
19333119
18268159
18120703
17596415
18300927
18268159
18350079
18399231
21774335
18038783
18251775
18300927
19267583
18563071
18350079
19234815
19382271
15794175
19415039
19431423
19546111
12992511
19726335
18792447
18251775
17563647
19103743
18431999
18448383
19005439
19087359
14639103
17317887
22806527
18808831
17252351
20381695
17022975
20332543
19021823
20234239
17219583
18464767
23461887
19415039
23560191
19513343
19939327
14196735
19873791
19644415
17825791
19791871
20037631
20021247
15351807
19955711
18120703
19955711
19791871
19791871
18595839
18055167
18677759
19628031
18137087
20463615
14909439
19791871
19808255
20398079
19955711
20496383
15876095
20627455
19480575
18431999
20856831
15925247
24494079
19791871
19841023
19808255
15106047
21282815
21250047
24788991
23969791
21544959
21544959
20070399
18235391
19972095
18268159
24264703
19726335
19152895
18350079
21708799
16695295
21594111
24510463
18497535
24575999
19955711
17170431
19742719
17235967
21839871
19742719
21774335
19955711
19513343
19496959
18628607
19611647
24199167
19611647
18644991
24051711
17301503
19775487
17072127
19021823
21725183
21528575
19611647
21741567
21544959
21610495
19267583
24018943
17448959
19791871
19857407
19513343
17154047
21643263
17907711
20185087
19955711
21905407
19185663
22102015
20054015
18530303
20283391
24887295
19431423
20545535
19038207
20774911
19202047
22593535
19333119
20856831
22626303
25346047
22888447
16891903
22659071
20496383
18022399
22708223
17956863
19660799
20611071
20742143
19726335
23166975
25788415
19857407
23085055
25870335
20774911
23248895
17891327
19595263
26132479
19300351
21135359
22462463
19316735
21282815
22708223
21266431
19939327
23068671
21233663
19988479
21446655
21610495
22937599
23068671
18251775
23216127
23216127
23281663
20021247
21659647
21790719
23298047
21807103
19365887
19972095
23396351
21839871
20086783
21790719
21839871
20299775
18644991
26591231
21987327
18939903
21708799
24035327
16719871
24150015
17088511
24199167
22020095
22069247
21397503
21577727
21413887
22036479
24510463
19693567
22216703
22282239
24821759
21217279
19808255
24723455
21102591
21725183
24035327
21364735
24166399
20398079
21774335
21774335
24231935
21561343
24395775
22052863
21594111
20676607
24707071
24756223
22183935
18186239
24952831
22380543
24870911
21676031
21626879
22446079
25133055
19955711
25182207
28508159
19922943
25214975
25231359
21905407
20398079
22282239
25608191
21921791
18219007
25542655
23396351
22183935
22052863
23478271
22167551
29048831
23724031
25952255
26001407
29179903
25673727
23822335
23674879
22691839
23838719
25837567
25313279
23543807
25247743
23642111
25329663
21315583
25362431
20348927
21495807
25591807
21250047
25575423
23756799
19267583
23592959
23576575
21790719
25821183
25640959
22937599
23937023
25755647
24051711
23134207
25559039
23134207
24477695
22298623
23412735
25952255
23281663
23560191
22659071
26509311
23789567
22413311
30801919
24920063
25051135
30097407
25198591
29982719
23674879
19578879
26984447
20791295
25575423
26656767
25739263
26820607
23003135
26771455
22921215
26755071
22790143
26918911
21069823
22921215
29999103
22691839
30179327
26820607
26378239
26427391
29966335
20856831
23117823
26787839
26230783
26312703
26345471
26476543
21233663
26689535
26591231
26656767
26771455
19906559
26869759
23478271
23789567
26673151
27131903
21397503
27213823
24281087
23543807
27197439
27475967
21970943
27639807
27705343
27754495
27754495
27820031
24772607
27623423
27820031
24739839
24641535
27901951
31358975
24559615
24559615
28000255
24592383
28065791
24805375
31752191
28393471
28147711
28475391
28164095
27607039
28065791
24739839
25755647
24772607
28164095
25903103
27934719
28213247
25821183
28049407
27951103
24772607
28033023
28098559
24805375
28213247
28213247
26312703
28475391
28393471
21528575
33095679
26804223
27951103
26951679
25149439
27967487
29147135
19628031
28114943
33505279
28114943
26525695
28196863
26427391
29130751
29278207
24543231
29294591
29294591
33619967
25821183
23953407
33456127
26820607
28508159
28590079
29278207
26263551
29179903
27082751
26984447
28327935
28966911
28704767
27148287
27115519
34275327
28803071
28721151
28704767
29048831
28557311
27410431
29229055
28426239
27164671
28409855
28377087
29278207
27181055
28295167
25296895
29343743
29229055
27164671
28360703
28573695
29245439
28999679
27705343
28966911
26853375
28835839
26345471
28983295
29032447
29016063
28901375
29048831
26951679
29016063
29114367
25935871
27623423
29294591
27295743
28590079
28393471
24379391
28360703
27656191
28229631
36667391
25870335
36700159
28688383
28884991
28213247
29048831
28491775
28934143
28540927
29130751
27803647
29392895
28491775
28803071
29360127
36995071
27951103
29589503
28278783
29655039
28819455
28377087
29671423
28852223
28557311
37027839
29966335
30064639
30097407
30212095
30294015
28360703
29114367
37322751
26509311
28393471
30670847
30474239
28606463
30490623
29016063
29097983
30556159
28950527
28884991
26640383
29114367
30752767
30834687
29196287
29245439
29097983
27131903
29212671
31211519
27148287
29589503
26312703
29818879
37978111
29999103
27557887
29392895
26394623
31735807
29376511
29753343
29392895
31752191
21676031
31752191
31490047
22102015
31473663
29868031
27164671
38174719
29491199
38371327
29638655
29753343
29753343
30605311
27000831
29687807
30769151
30834687
37584895
27131903
29917183
27213823
31014911
30162943
30818303
30965759
27623423
37945343
31096831
30310399
31211519
30294015
27410431
37945343
30523391
31080447
28082175
30785535
30392319
31064063
30916607
30834687
27426815
31129599
28000255
31145983
31014911
30916607
30670847
28262399
30638079
30752767
30719999
30834687
28655615
31227903
28442623
31326207
30932991
28164095
28819455
38993919
28688383
31424511
31571967
30818303
30687231
31719423
31866879
31997951
28737535
38731775
31031295
27590655
32243711
30523391
30932991
32505855
30638079
28000255
39190527
28082175
32227327
30638079
30736383
32194559
32079871
30654463
32178175
30818303
30883839
38633471
28000255
31031295
32456703
31047679
32047103
32030719
28508159
32112639
30867455
32227327
32260095
30703615
27426815
31047679
30736383
38993919
32309247
26935295
32374783
28246015
31260671
32423935
32227327
30425087
31195135
31293439
28147711
31326207
28573695
30834687
28655615
32194559
31735807
31834111
31768575
31604735
31260671
31637503
28901375
31457279
31883263
31883263
29032447
39550975
32194559
27688959
31981567
32423935
32129023
31965183
27852799
32063487
31932415
32014335
32948223
31571967
33030143
32964607
32292863
32325631
28950527
33292287
29065215
32636927
33374207
32669695
32129023
32063487
32522239
32112639
32555007
32063487
33882111
29196287
32325631
34144255
32292863
32309247
32063487
28950527
41156607
28803071
29278207
32112639
34668543
34668543
34766847
29507583
29573119
34963455
29540351
35160063
29065215
35160063
29114367
35160063
32833535
35323903
31555583
35127295
29736959
41549823
31735807
29687807
35520511
29786111
35553279
32047103
33226751
32260095
35782655
32178175
35880959
32391167
32423935
33652735
33652735
30064639
36470783
41582591
30081023
36470783
36536319
36536319
36405247
29507583
36536319
32931839
34013183
33980415
36765695
30801919
36765695
41910271
34275327
34406399
37126143
34275327
33177599
37060607
34537471
33226751
34504703
36995071
30277631
37126143
36896767
29851647
30654463
37060607
30048255
37289983
37191679
30326783
33079295
30490623
33292287
37519359
37519359
35160063
31047679
37584895
31162367
35258367
35258367
35291135
43319295
35454975
33406975
35061759
37257215
33718271
37421055
35127295
43319295
33685503
37683199
33751039
37814271
33816575
34701311
34832383
30867455
34013183
38076415
31506431
34242559
34832383
43450367
34209791
31113215
35061759
38535167
35192831
35258367
43745279
31162367
34635775
38535167
31326207
34701311
31653887
43646975
30687231
43515903
34373631
34439167
38797311
34930687
38764543
35061759
34930687
34668543
38797311
38862847
35160063
43614207
32292863
38895615
38830079
35520511
35422207
29130751
38895615
35291135
38928383
43745279
31375359
43778047
32342015
35389439
39223295
35422207
35389439
35553279
39354367
32702463
39485439
39485439
35028991
39190527
35356671
38830079
38567935
35028991
35422207
32161791
38502399
38567935
38600703
45055999
35028991
35749887
38862847
32260095
30687231
35258367
35979263
35127295
45383679
36110335
36175871
39321599
45416447
39256063
33013759
35946495
33210367
45547519
35815423
35749887
35749887
39878655
35880959
35651583
32669695
33783807
32751615
36503551
32686079
35389439
45809663
34045951
36601855
40370175
45744127
45187071
35586047
44924927
40402943
37027839
37093375
33177599
35913727
37322751
34439167
37257215
37322751
37650431
33472511
40927231
34439167
37879807
34570239
41058303
36863999
41189375
34701311
40992767
40992767
41058303
34996223
41156607
40632319
36863999
40730623
40763391
37158911
40894463
35422207
38371327
37289983
37421055
32800767
40730623
40534015
37617663
40763391
37683199
39157759
37683199
37715967
41091071
41058303
34603007
47349759
38993919
38928383
47546367
41451519
34865151
47480831
35356671
40828927
39157759
39092223
47808511
40271871
38600703
47775743
37388287
38666239
38141951
38174719
40861695
32686079
41025535
32882687
36470783
38076415
37912575
41353215
33980415
41418751
41451519
38338559
41582591
36372479
32342015
41648127
38895615
35651583
41615359
48693247
38273023
48463871
38338559
39059455
39026687
38862847
36470783
36503551
41975807
34439167
39059455
39026687
42205183
31752191
42270719
35618815
38928383
42270719
35422207
38764543
48955391
39092223
42172415
34897919
38895615
38928383
39092223
42369023
48758783
42434559
42565631
39288831
42500095
39387135
38371327
39354367
38305791
43024383
39288831
39256063
42926079
38961151
42729471
42598399
36634623
42795007
34340863
38174719
39354367
36012031
38338559
39518207
39550975
39419903
41877503
39649279
37126143
49709055
41746431
41811967
38862847
49381375
36601855
39944191
42270719
41877503
35586047
36962303
39976959
30965759
37027839
39256063
41943039
27344895
35454975
42270719
42270719
39485439
40206335
40271871
39288831
42336255
40468479
40501247
40402943
42532863
30900223
42467327
42500095
38305791
50364415
33947647
40796159
36765695
40894463
42926079
42991615
38764543
50266111
37191679
43253759
41156607
43352063
38797311
41058303
36995071
37060607
49774591
39124991
43057151
36929535
40796159
39288831
36601855
43253759
39452671
41156607
43352063
43220991
42991615
41222143
36831231
50233343
39944191
42729471
42729471
34832383
42827775
42795007
41549823
41648127
42500095
39944191
42270719
29818879
42401791
42467327
40271871
40370175
49512447
42795007
42762239
40697855
42827775
42893311
40763391
43024383
37748735
37781503
43057151
42237951
43024383
50233343
42401791
37912575
37912575
43253759
35127295
41353215
43220991
42795007
41254911
41484287
42467327
36339711
42401791
41648127
42434559
50429951
43876351
43810815
36732927
43876351
42041343
36765695
43679743
38404095
43614207
38567935
42991615
38371327
50561023
43188223
29851647
43319295
38273023
43384831
43417599
43417599
50692095
43646975
43286527
43679743
43712511
37650431
43679743
43548671
44040191
43417599
43122687
43581439
42663935
51347455
38993919
38830079
44335103
42926079
42926079
44040191
43941887
44466175
39026687
44040191
39092223
43843583
44072959
39092223
42958847
42762239
42762239
44335103
42663935
52264959
39223295
44662783
44761087
44531711
44597247
42598399
44728319
44531711
44826623
44924927
42926079
52199423
34111487
45154303
45219839
40108031
45449215
45350911
43352063
45187071
40206335
40173567
45416447
40075263
45547519
44957695
43745279
43384831
45711359
38699007
45023231
45416447
45055999
52789247
34275327
45449215
40108031
45318143
45645823
40370175
45711359
45383679
43548671
45481983
45088767
40468479
45744127
43843583
52756479
45907967
40042495
43679743
46170111
40140799
46333951
43810815
46465023
45481983
40271871
46333951
46071807
45318143
46268415
46333951
45383679
43483135
45252607
45088767
45121535
46497791
46301183
41091071
45416447
40828927
46497791
40566783
46596095
41222143
46727167
46661631
45219839
44040191
46694399
46628863
46727167
46661631
41287679
41517055
46039039
46104575
47120383
45973503
45514751
44367871
47120383
44466175
40927231
45252607
55279615
44335103
46628863
45514751
44072959
46825471
46956543
43679743
55541759
41287679
45023231
43941887
47284223
45023231
44793855
43974655
47251455
41484287
44072959
41549823
47480831
47546367
41811967
44302335
42008575
47742975
45514751
45383679
43909119
45416447
48037887
45613055
45547519
45580287
48431103
40697855
56066047
45383679
48201727
44236799
55902207
44367871
48463871
43024383
48365567
46039039
48463871
35127295
46268415
48758783
46399487
44695551
43057151
48496639
41910271
48660479
44793855
44892159
46530559
41943039
56557567
46432255
46366719
44695551
48660479
46465023
48857087
46465023
44990463
56688639
41287679
44924927
46858239
45121535
42008575
44957695
47153151
45121535
49577983
44892159
49283071
49446911
44924927
49577983
47316991
49446911
42237951
45154303
45187071
45154303
47480831
49938431
50003967
42401791
47546367
57180159
47710207
44859391
50266111
42369023
48234495
48201727
50429951
48267263
48300031
42663935
42729471
45547519
50233343
48562175
48529407
48431103
48365567
48365567
57147391
48267263
50692095
45580287
57081855
42795007
56852479
42369023
45678591
50036735
48267263
42008575
48103423
42303487
47972351
43384831
50102271
49905663
47972351
50036735
56918015
48168959
50266111
43220991
46366719
57311231
42696703
48660479
50724863
48300031
50528255
43581439
48398335
48431103
45514751
50429951
45711359
48857087
50495487
43352063
41910271
50888703
49184767
42106879
46333951
49348607
49381375
44072959
51183615
43614207
49348607
36765695
51249151
49446911
49250303
46235647
49250303
42795007
51544063
46104575
46039039
51511295
46006271
51118079
44498943
45776895
45744127
50003967
51478527
44204031
44269567
51118079
36470783
51118079
37486591
59768831
51052543
45187071
50790399
44695551
51314687
50823167
51412991
50692095
51544063
45580287
45645823
51085311
45678591
51085311
51052543
51183615
51150847
51281919
51085311
51183615
44171263
46333951
51478527
51380223
44695551
61014015
44728319
51675135
46596095
51249151
51183615
51806207
51740671
51249151
51806207
46366719
51806207
61243391
44531711
51773439
46596095
52199423
45383679
52035583
46858239
61112319
52199423
51642367
45187071
61145087
60981247
39682047
52690943
44924927
52822015
52920319
45121535
53018623
36241407
45875199
53051391
53084159
46465023
53182463
45678591
53346303
46366719
53247999
46596095
46694399
52101119
52035583
53477375
45678591
60555263
53346303
52035583
45645823
45711359
52101119
53706751
46366719
52133887
51937279
52035583
46006271
47841279
47874047
60981247
52101119
52035583
51970047
47742975
53805055
47513599
46399487
52330495
61341695
47513599
54362111
54329343
54394879
52625407
54525951
54591487
47546367
47284223
47185919
46202879
52887551
52133887
61833215
46071807
54951935
54886399
47546367
54984703
47742975
52002815
45842431
52199423
55017471
48070655
55148543
55017471
47841279
55083007
40402943
48070655
52592639
55279615
48300031
52887551
40468479
55476223
52494335
55541759
46858239
55574527
46596095
55738367
48398335
55967743
52330495
48136191
56164351
47153151
56328191
61931519
52789247
47874047
56328191
47972351
47284223
56590335
47513599
62128127
56754175
47972351
53018623
56655871
47153151
47513599
62291967
48005119
52592639
52559871
56623103
52592639
52592639
52101119
56492031
51544063
62783487
50757631
48103423
62947327
46530559
56885247
56918015
57049087
46661631
57147391
48168959
46563327
63209471
48529407
48103423
51511295
57081855
51609599
51576831
63340543
51642367
63275007
47906815
57507839
48431103
51675135
48365567
57671679
57442303
46891007
52002815
57540607
48136191
57016319
47153151
63799295
57147391
47742975
57343999
57376767
63963135
51904511
51904511
51937279
57737215
42237951
57835519
52133887
64552959
57802751
57671679
47120383
52461567
48496639
57966591
57933823
52592639
52658175
58097663
48070655
58097663
58195967
48103423
57802751
45449215
57671679
64421887
52854783
45744127
64258047
48332799
53346303
48431103
45285375
64290815
53510143
48627711
42237951
53641215
53215231
47972351
47906815
59179007
47710207
53575679
59047935
45842431
58949631
64978943
47415295
58654719
64815103
52592639
46891007
58785791
52166655
49053695
52297727
59080703
47448063
59015167
42926079
65372159
52494335
49348607
52494335
43089919
49119231
52658175
52264959
48824319
58785791
47742975
58654719
46104575
58556415
51970047
51970047
58654719
48529407
51806207
48594943
58851327
52035583
52101119
59113471
48070655
47874047
36536319
52232191
66256895
48300031
52494335
52592639
59637759
48463871
52461567
59834367
48660479
59965439
44728319
66387967
48857087
48168959
52985855
60096511
66453503
44728319
53116927
48070655
66453503
59506687
48037887
44793855
53542911
48332799
59506687
53673983
48431103
47939583
53477375
59277311
66027519
59473919
59277311
48267263
53444607
48332799
59473919
48857087
59736063
48463871
49020927
45416447
59604991
49250303
59441151
49381375
47120383
59342847
66256895
66158591
59637759
59703295
45121535
53641215
47579135
49643519
53837823
49676287
45481983
59998207
50331647
60227583
49086463
66781183
60293119
50429951
49348607
50495487
54034431
49217535
53936127
60030975
54099967
66912255
53641215
59899903
53575679
53346303
53084159
60129279
45645823
60194815
67436543
60325887
48758783
53477375
60555263
60555263
53411839
60686335
48889855
51150847
60817407
53247999
60948479
48332799
60817407
68419583
53379071
53444607
53542911
49283071
53673983
54067199
49151999
49938431
61669375
68943871
54460415
46661631
52199423
69009407
61800447
61702143
51347455
54984703
49676287
61538303
61603839
51281919
61669375
61538303
51380223
60784639
54460415
50855935
60784639
50724863
54558719
54591487
60948479
61046783
42074111
54919167
51183615
54820863
54558719
51249151
70189055
54362111
70320127
61571071
54624255
61734911
51118079
61341695
69206015
51281919
61276159
61079551
53837823
61079551
54067199
51707903
54198271
69599231
51707903
54591487
69468159
61603839
69337087
53805055
53805055
51347455
51118079
53772287
51118079
61865983
48955391
53673983
62029823
61964287
53641215
53673983
51707903
51183615
51773439
51183615
62324735
53870591
62226431
52133887
62324735
51937279
54132735
54198271
62390271
54296575
51740671
70320127
62455807
51806207
54394879
70254591
51478527
47284223
53903359
51609599
62619647
62750719
51118079
54067199
62914559
53968895
63045631
50823167
53968895
53968895
70647807
51970047
70647807
50855935
70713343
54657023
63799295
63602687
63504383
70713343
53608447
51904511
50364415
51970047
53870591
50364415
54034431
70582271
64028671
52232191
64192511
49479679
53870591
50757631
64454655
50888703
51970047
64421887
52396031
53870591
64618495
64684031
53968895
52723711
64290815
54001663
52297727
70516735
64552959
52396031
70254591
52690943
53936127
52854783
50823167
54034431
50233343
53084159
64913407
53280767
48398335
53444607
53968895
50397183
53608447
44498943
70582271
53936127
65044479
45449215
65011711
65110015
70647807
53575679
53641215
53706751
53739519
65437695
50495487
65503231
65535999
49971199
53870591
65699839
53936127
53870591
50200575
65765375
54034431
65929215
50200575
65863679
54132735
53379071
54493183
54427647
66060287
54263807
54689791
53510143
70909951
65568767
53608447
65699839
54984703
65535999
53542911
65732607
50266111
53772287
65830911
53510143
53510143
55279615
53542911
49971199
50298879
65961983
65798143
65273855
65339391
50331647
56033279
56098815
52920319
56229887
56131583
56229887
50462719
50069503
53772287
65634303
71172095
65601535
71237631
55771135
52658175
55738367
52658175
65994751
65372159
52625407
65077247
56033279
53149695
56164351
52068351
50397183
71368703
50266111
65503231
50003967
56426495
56459263
65535999
56557567
65404927
56655871
53477375
53444607
56721407
53542911
64978943
56885247
49774591
71958527
57049087
71761919
56754175
56786943
64258047
56819711
50528255
53968895
63602687
54198271
50364415
63700991
57245695
52887551
63832063
57442303
63864831
63832063
54329343
71368703
57278463
54460415
71106559
64028671
70909951
54034431
53968895
64258047
64389119
57933823
64454655
64487423
64487423
64585727
51183615
58097663
57901055
54296575
51249151
54460415
52756479
71303167
51085311
71303167
71041023
58163199
57376767
63864831
52920319
52789247
50429951
52166655
57212927
57180159
55410687
63832063
63930367
57180159
63963135
47808511
52690943
63864831
51150847
55705599
55640063
57540607
64126975
71761919
47874047
71892991
51019775
53346303
63799295
57868287
55803903
58032127
58064895
55705599
58228735
53772287
64585727
50855935
58294271
54034431
64782335
54231039
58392575
64946175
58556415
56229887
64913407
54460415
65011711
64913407
54263807
51707903
56655871
72876031
54657023
56950783
54689791
57049087
51871743
64782335
59080703
59211775
56819711
59146239
56819711
56885247
65372159
59408383
47710207
65503231
65634303
59179007
59047935
65798143
58654719
65765375
55443455
65929215
73531391
58523647
66191359
56328191
66355199
66355199
55869439
55934975
73859071
66453503
55705599
73531391
55771135
58785791
56393727
58916863
55345151
66748415
66453503
56360959
66387967
52035583
57999359
66486271
66519039
73990143
52559871
57638911
55377919
57769983
57671679
56721407
57835519
66158591
66191359
65798143
55836671
58163199
56623103
66093055
73793535
66224127
58458111
55574527
66322431
66355199
66256895
57081855
66387967
58654719
55377919
57343999
66682879
58327039
66813951
58425343
58490879
67174399
58490879
58556415
67239935
55934975
67174399
58753023
67239935
52035583
59015167
57671679
52035583
67633151
57540607
59146239
67502079
57573375
67567615
58687487
57704447
67764223
58818559
58753023
73531391
56852479
73334783
48791551
58261503
73334783
67764223
67829759
59342847
67698687
57442303
48988159
67960831
55214079
59342847
68026367
68026367
57212927
57278463
67960831
67895295
58032127
58687487
73400319
55279615
67829759
57442303
57343999
67895295
67960831
58163199
57704447
58130431
55410687
59179007
67960831
58163199
59211775
68222975
57966591
58392575
45744127
59506687
68550655
49774591
55705599
48922623
59899903
50003967
58621951
59047935
58720255
60129279
46366719
69337087
58982399
53936127
69533695
60456959
59211775
60686335
58687487
58327039
60358655
55541759
69926911
59604991
58228735
59408383
69468159
74842111
59342847
56066047
69795839
69926911
59506687
60194815
60325887
58556415
58654719
60522495
53837823
70123519
56426495
59768831
59670527
60653567
53641215
56688639
70713343
59834367
70778879
59998207
56066047
55934975
70909951
55803903
51118079
60620799
59768831
71303167
54263807
62062591
51314687
60850175
59965439
61014015
56459263
60063743
56524799
71565311
62717951
77070335
77135871
55083007
62619647
62324735
62160895
61767679
60489727
61636607
60424191
52363263
61833215
52330495
61800447
57278463
49676287
62095359
61079551
55574527
62193663
62390271
62128127
73596927
57638911
73727999
77529087
62619647
57704447
73727999
61603839
57540607
73859071
73727999
62128127
73334783
61865983
73400319
53051391
73334783
73400319
62521343
78577663
78577663
78643199
78381055
77922303
72810495
62095359
61243391
78249983
62160895
61603839
73072639
72876031
61898751
61997055
61505535
73203711
61964287
61865983
62488575
73400319
62128127
57081855
56786943
61833215
62029823
63078399
57311231
57311231
63242239
57376767
63307775
62586879
62554111
57606143
80084991
62423039
73793535
57966591
73793535
62521343
73924607
62619647
58359807
58294271
62750719
62750719
62947327
62849023
58294271
62980095
58359807
74776575
64585727
79691775
79691775
74776575
62914559
64126975
58884095
63078399
63799295
74907647
63700991
57376767
57049087
64618495
63930367
75497471
56492031
75366399
58556415
64061439
75628543
52723711
56197119
64421887
64552959
58523647
76021759
65437695
80543743
64651263
80281599
80216063
80281599
80347135
76283903
54788095
64815103
64913407
65077247
76611583
65044479
65011711
58556415
76742655
64651263
64716799
64913407
55083007
66125823
77135871
53477375
77135871
58916863
65175551
65011711
77398015
66387967
56328191
77463551
59113471
66093055
65568767
58916863
65437695
77922303
66486271
65634303
80478207
78053375
66584575
55214079
66748415
78381055
59342847
66912255
78643199
65601535
78774271
65667071
78839807
59375615
65961983
67108863
48201727
66158591
67174399
79101951
59670527
67502079
79101951
67567615
78905343
67502079
50364415
67633151
79233023
65667071
67960831
79364095
59736063
59703295
66813951
65765375
56033279
79691775
65961983
68550655
67174399
58523647
67305471
81854463
59801599
67502079
80347135
67502079
68943871
56098815
67698687
80412671
59604991
69206015
59211775
80478207
59047935
66191359
69402623
59342847
66224127
80478207
65863679
80543743
65667071
70057983
80609279
70254591
59572223
58851327
68812799
65667071
58884095
68878335
57769983
69795839
66093055
81002495
59670527
66191359
59834367
69206015
70254591
70254591
81264639
69074943
66387967
81330175
66224127
70647807
81199103
83361791
80871423
70844415
70713343
83623935
70713343
68550655
83820543
70975487
81199103
65863679
71041023
81461247
59244543
81526783
70778879
59277311
68812799
81854463
66125823
69074943
58818559
58753023
55279615
69074943
58982399
82051071
71368703
69140479
71499775
59146239
84869119
82509823
84934655
71499775
71630847
58327039
71565311
67010559
69664767
69664767
85393407
67371007
82903039
58064895
58130431
69992447
71761919
58261503
50266111
71958527
70254591
67960831
68091903
83623935
70254591
72548351
70451199
70320127
68419583
72679423
83427327
68550655
70713343
72810495
51150847
58851327
83492863
58818559
73007103
69140479
70975487
59113471
69206015
73138175
56950783
59375615
73400319
70844415
70647807
56426495
83623935
69795839
70778879
73465855
73531391
83361791
69795839
73727999
73727999
82706431
82706431
72941567
70189055
82706431
71041023
73269247
59310079
82771967
70844415
73007103
58687487
82968575
70647807
87490559
59768831
73400319
71041023
71041023
59801599
59899903
73727999
73859071
60162047
71041023
74055679
59047935
74252287
83755007
73793535
59277311
71368703
74055679
59932671
73793535
71630847
72089599
74055679
71499775
59342847
72417279
59310079
59867135
72417279
70909951
74514431
71106559
72679423
72744959
84672511
60162047
72548351
74514431
84934655
72548351
60030975
74579967
85000191
60293119
58884095
71499775
72417279
59015167
71761919
72482815
60784639
85524479
72286207
85590015
60817407
75235327
72351743
75431935
85917695
75497471
75497471
91881471
85983231
85983231
72941567
58916863
86179839
71565311
75431935
75235327
73334783
71565311
73596927
85917695
73334783
73334783
72941567
72810495
86114303
58490879
75825151
86245375
62029823
92340223
92340223
61079551
92274687
86769663
92078079
91619327
86966271
76480511
73007103
86966271
86900735
86966271
86900735
76283903
86966271
62390271
73531391
76611583
73727999
73269247
76611583
73269247
76742655
87359487
73400319
73334783
92012543
71761919
71827455
60915711
87752703
72024063
77201407
71892991
87883775
63209471
77398015
88014847
61308927
73793535
60751871
73990143
91750399
91815935
88276991
73793535
77922303
72286207
88408063
78184447
73727999
71892991
88670207
88801279
78315519
91619327
91619327
89063423
72351743
73531391
73531391
91947007
88932351
88997887
88997887
89063423
72548351
88997887
63012863
89128959
73727999
88866815
73596927
73596927
79429631
79429631
89194495
63668223
63668223
89391103
73859071
73793535
78970879
61505535
89456639
73793535
79298559
73859071
79167487
79364095
73924607
73990143
89849855
58359807
74055679
92405759
74055679
79626239
73793535
79757311
74317823
79822847
64323583
89718783
62291967
80019455
61964287
89915391
73793535
80150527
73990143
89980927
89784319
80216063
89915391
74186751
58589183
80150527
75169791
80281599
63995903
75300863
89915391
80412671
89849855
89653247
64192511
75038719
56164351
80740351
75431935
63143935
75366399
90046463
80609279
94437375
90177535
80740351
89980927
90111999
75628543
89980927
89915391
89915391
63700991
89980927
90111999
80740351
75825151
76021759
55902207
64225279
90636287
75366399
64421887
75563007
80936959
56360959
76152831
61636607
81264639
61571071
91226111
64520191
81592319
91357183
76283903
81788927
81657855
81657855
91684863
75890687
64684031
81919999
76218367
91815935
75300863
76414975
82247679
65044479
92078079
75431935
92143615
75300863
92340223
65110015
97517567
74842111
82444287
74711039
92602367
82575359
92602367
97452031
82444287
92667903
75366399
65110015
76611583
74776575
92864511
74645503
76742655
74579967
74579967
83099647
76611583
93257727
65961983
74448895
93388799
74579967
98500607
98435071
98107391
74711039
97910783
83951615
93716479
66551807
97452031
97386495
97386495
84213759
66846719
93519871
83886079
93519871
93388799
61014015
93519871
83361791
93585407
93716479
65044479
83558399
83492863
83492863
83558399
93913087
83427327
93913087
93978623
94044159
82903039
77987839
82968575
94109695
67502079
83230719
97452031
94306303
94371839
77266943
78184447
83165183
82903039
78053375
97583103
77070335
82968575
78053375
82968575
78184447
78249983
95027199
76939263
97845247
95027199
83296255
95027199
77725695
95223807
76939263
83623935
95289343
66781183
83755007
77660159
83951615
77398015
84082687
98172927
97910783
67174399
77922303
95485951
77922303
95617023
66977791
95354879
95223807
95027199
94896127
83820543
98566143
78118911
94961663
83820543
94765055
65961983
83951615
84017151
94765055
94830591
94437375
94240767
94306303
94175231
83099647
93847551
93126655
92930047
82903039
82771967
92995583
82968575
82968575
83034111
82903039
78249983
77725695
83099647
78118911
83165183
77791231
77660159
77791231
93323263
92995583
82968575
82968575
92864511
77332479
77987839
83099647
67895295
82837503
76611583
66682879
78381055
83034111
78118911
68026367
83165183
59604991
77791231
77004799
77922303
83427327
100335615
100270079
93716479
83361791
93716479
93782015
78315519
83296255
76152831
83492863
76218367
93323263
83623935
78905343
76087295
93388799
78839807
76021759
78905343
93782015
78839807
84344831
79036415
84410367
79101951
68026367
59179007
93913087
76349439
93716479
93847551
79560703
93978623
79626239
93913087
93978623
101056511
100925439
93913087
93913087
84869119
77135871
93847551
67371007
93978623
67371007
77463551
85196799
84738047
79822847
79757311
79822847
77856767
77922303
79822847
94437375
79888383
85196799
85196799
85065727
94633983
79233023
85262335
94568447
67960831
78381055
79233023
85524479
78643199
94896127
94896127
79429631
85852159
95027199
85131263
94175231
84738047
84803583
94306303
84869119
85000191
94306303
85065727
94306303
85000191
85065727
94306303
67895295
78905343
79495167
94240767
94175231
102563839
93978623
85393407
93978623
85065727
68419583
85131263
85196799
79560703
85131263
79560703
84869119
94175231
84869119
94109695
84541439
84475903
68354047
94306303
80281599
84672511
84738047
84869119
79691775
84934655
79495167
68222975
94633983
85131263
94633983
84738047
94568447
81002495
81002495
94765055
84672511
94830591
94699519
79429631
84606975
94699519
94633983
84606975
78970879
104398847
84672511
104136703
104005631
81068031
94568447
67076095
81133567
80936959
80740351
80805887
94961663
84738047
80216063
95092735
69074943
95027199
66781183
80281599
94633983
94633983
84738047
94306303
94109695
84803583
69795839
94109695
69926911
67010559
94175231
80019455
67010559
79953919
85262335
59211775
94175231
69992447
94175231
66715647
80412671
80347135
70385663
85065727
94306303
84672511
106037247
93847551
84934655
93847551
80412671
80347135
94109695
80609279
80609279
85000191
71041023
94437375
80805887
94568447
94633983
71368703
94699519
85196799
84934655
80412671
79298559
57409535
94502911
84803583
94633983
94437375
66715647
85065727
57638911
79233023
81264639
85131263
81330175
85327871
80871423
94633983
79101951
94765055
85262335
94896127
80674815
94830591
85524479
80740351
85655551
85786623
71499775
85983231
71434239
80936959
86179839
80281599
86179839
66551807
107806719
78905343
95879167
66682879
86704127
80740351
96141311
86769663
86704127
86769663
81068031
86704127
80871423
80674815
96665599
80674815
96534527
65306623
79036415
86966271
65142783
80740351
87162879
80740351
70713343
96468991
96468991
86966271
96600063
70385663
96665599
87097343
96337919
70254591
81068031
87097343
63045631
96337919
107413503
87228415
107544575
87097343
107151359
96534527
80019455
87359487
96600063
87425023
96272383
96141311
96141311
87687167
87687167
87621631
87621631
70582271
96272383
70647807
96206847
106561535
96403455
87556095
105906175
87621631
105578495
105381887
105381887
96534527
88014847
70320127
96796671
80216063
88342527
88408063
70320127
88604671
88670207
96731135
88473599
96600063
80609279
88408063
96665599
87818239
96862207
80347135
62816255
80805887
97189887
55902207
88473599
88539135
97320959
80019455
96665599
96665599
80084991
70582271
80216063
96468991
88866815
88997887
70582271
106954751
88932351
96468991
80740351
96600063
89194495
96468991
80805887
96534527
81264639
96403455
96534527
88932351
95879167
89063423
81199103
89128959
69664767
107544575
81264639
89194495
96206847
55705599
81723391
95617023
81788927
95682559
81526783
89587711
95813631
89391103
95748095
89128959
80805887
95813631
80478207
95944703
89391103
95813631
80281599
95813631
95813631
88997887
95944703
88408063
96075775
96075775
96141311
108331007
96075775
96141311
96075775
87556095
95813631
80347135
87621631
80347135
87818239
66912255
80347135
96075775
95551487
82116607
88211455
80412671
88211455
79953919
88211455
82247679
95813631
108331007
95813631
82247679
95551487
95551487
95551487
82575359
95551487
82313215
95813631
88408063
88473599
95944703
82575359
95879167
82575359
96010239
79495167
96075775
95682559
95551487
95551487
88539135
88211455
95420415
83230719
95617023
95551487
88539135
108527615
79495167
83361791
95813631
88342527
88342527
95879167
88276991
95879167
88014847
83623935
88014847
88080383
88014847
83558399
83361791
87949311
88014847
95944703
95944703
88014847
95879167
95879167
95944703
87621631
87621631
87752703
63864831
83492863
95682559
88014847
108199935
83034111
95879167
88145919
80740351
95944703
88080383
95748095
83296255
88211455
95879167
108199935
108199935
88342527
95354879
83623935
83689471
83165183
95682559
95748095
95617023
82903039
81133567
83165183
81330175
83165183
88604671
88670207
61538303
88735743
88866815
88932351
95551487
95682559
88866815
83558399
88932351
89063423
61702143
88997887
88932351
96010239
96075775
89128959
95420415
95551487
94830591
89194495
94568447
88604671
81461247
88801279
88866815
61800447
94437375
94437375
81592319
94306303
88997887
88866815
88801279
84606975
88932351
93585407
88997887
93454335
88997887
93061119
109314047
109248511
93126655
108855295
93126655
93061119
89128959
93061119
93126655
93126655
93126655
108199935
92995583
92798975
88735743
108068863
92798975
108003327
88342527
88408063
84803583
88604671
84541439
92864511
88408063
84475903
88473599
88342527
84606975
92405759
88473599
82313215
91947007
60522495
88735743
91357183
88604671
91488255
91357183
91422719
60424191
91226111
60522495
60555263
85524479
91488255
85655551
88604671
91160575
50823167
88735743
91422719
91488255
88997887
85721087
89063423
85655551
91488255
91488255
91226111
109379583
109314047
59768831
90898431
88932351
108986367
90898431
91029503
85655551
91095039
91095039
88670207
91095039
91160575
88342527
91095039
88080383
91095039
90963967
90898431
90636287
83492863
90767359
87752703
83099647
87621631
86638591
90570751
86573055
58753023
90767359
87425023
58753023
90701823
51281919
86769663
87228415
86900735
87228415
87031807
87097343
91029503
83886079
87359487
86966271
91226111
87228415
91160575
86704127
86638591
86573055
86900735
86114303
86048767
86114303
86048767
87293951
87359487
87359487
87228415
56623103
90963967
86048767
84082687
87687167
86048767
58556415
86114303
86048767
90963967
86048767
51085311
91095039
84803583
91226111
111214591
111214591
91029503
88211455
111083519
90570751
84279295
111214591
90767359
88145919
90963967
57671679
88145919
85000191
86245375
86310911
85131263
50757631
111673343
86245375
86376447
91553791
91357183
88735743
111673343
111411199
54984703
91619327
88735743
110493695
109969407
88932351
91881471
86769663
91947007
86376447
92143615
85917695
89391103
92078079
89456639
89456639
57573375
92012543
87097343
89325567
91947007
86507519
110034943
109969407
91815935
91947007
57114623
86573055
92143615
92274687
89587711
55279615
89849855
54820863
86835199
89915391
53936127
92602367
87752703
89980927
87883775
89784319
53411839
89784319
87818239
89980927
57442303
93126655
93192191
88080383
93323263
93192191
86966271
88408063
93192191
88408063
90570751
88604671
88735743
93454335
90898431
88866815
93650943
88670207
91095039
91160575
93519871
91291647
88408063
93782015
93782015
44269567
110166015
110166015
91357183
94109695
93978623
90832895
94044159
87490559
109510655
90570751
90636287
90701823
87752703
90832895
87818239
94175231
87949311
94306303
58261503
91160575
87883775
91291647
94240767
91291647
91226111
94109695
91226111
87556095
94044159
54427647
87687167
93716479
93782015
87883775
86966271
58589183
93913087
88014847
91095039
58523647
90963967
87228415
94306303
87293951
91029503
94633983
87556095
87621631
87621631
94830591
91160575
94699519
91095039
87293951
94961663
87228415
112066559
91357183
90963967
90898431
95158271
54558719
90898431
57671679
90701823
88145919
90701823
95158271
58032127
90832895
95354879
90963967
90963967
90963967
90963967
94765055
94699519
91095039
94568447
87687167
90832895
87818239
90570751
90701823
88080383
88080383
95027199
88211455
95092735
88014847
90963967
87425023
95223807
91226111
87621631
90701823
88408063
43581439
95289343
95289343
113049599
95092735
57769983
89522175
53837823
89718783
89784319
112459775
94961663
94896127
89128959
95092735
95092735
95092735
88342527
112459775
95354879
95092735
95223807
95223807
95027199
88997887
95027199
88604671
95158271
48332799
88866815
88866815
88932351
95420415
52625407
95551487
89128959
56819711
95617023
52396031
95617023
89587711
89260031
89784319
95551487
89718783
89718783
95485951
95420415
56885247
89784319
89915391
89653247
89784319
89915391
89849855
90111999
57638911
89980927
96075775
90111999
90243071
57802751
57835519
96206847
90111999
90636287
95617023
95420415
90767359
95092735
89063423
57835519
91029503
57966591
114098175
114163711
90439679
91029503
90439679
57966591
95485951
90505215
42795007
95682559
90636287
95879167
53444607
95879167
89391103
96010239
91226111
53313535
95944703
58818559
89784319
95944703
95944703
96010239
96010239
53182463
90243071
90046463
90111999
89915391
52920319
114753535
114622463
96141311
91226111
96337919
91422719
96206847
90308607
96141311
95879167
90701823
95223807
90439679
95027199
90898431
95092735
114032639
90243071
95027199
90243071
95158271
91226111
114032639
89718783
91291647
95092735
45252607
91095039
94765055
90570751
94633983
90636287
114556927
89522175
94306303
90308607
93782015
93585407
93323263
93126655
57737215
113704959
93257727
93061119
91947007
91947007
93061119
92995583
91160575
113639423
92995583
89718783
92864511
89784319
92864511
92798975
92733439
91619327
92536831
89980927
91881471
92536831
91553791
91357183
92405759
92274687
91553791
92274687
91750399
113508351
88408063
91684863
91684863
91684863
92733439
58130431
91357183
91029503
88997887
113836031
90701823
113901567
91291647
113836031
89063423
93192191
93061119
58195967
113836031
113573887
113377279
93257727
52428799
93454335
90111999
91553791
93585407
93519871
93650943
93650943
91095039
93782015
89325567
93913087
58097663
94044159
89325567
91357183
91095039
94306303
57540607
89194495
94437375
94502911
94306303
91029503
91029503
94502911
113180671
88539135
88670207
94371839
94175231
91291647
91291647
89063423
91488255
94240767
88276991
91488255
91488255
94437375
89063423
89194495
94240767
89128959
93913087
91226111
91226111
94109695
50233343
90701823
90636287
89260031
94240767
94306303
89522175
94502911
88211455
90505215
90439679
113639423
94568447
88473599
94568447
89391103
113704959
94502911
89653247
87949311
87752703
94633983
90898431
94240767
90963967
94175231
89653247
113639423
113639423
57737215
90767359
94437375
94109695
90046463
113508351
90832895
93847551
89260031
93519871
57671679
93323263
90701823
93454335
93388799
112656383
90177535
90243071
90243071
89194495
93126655
90374143
89391103
93257727
89325567
90570751
87097343
90636287
92798975
89980927
92864511
92995583
92995583
93061119
92995583
89391103
88735743
88735743
86704127
93061119
114032639
88997887
86769663
89063423
56786943
113836031
88997887
113836031
93257727
89063423
89063423
93257727
87949311
87883775
93519871
89063423
113901567
89128959
93323263
89194495
93519871
87359487
93650943
89522175
89391103
93519871
87752703
113967103
87752703
93847551
87752703
93913087
93650943
56557567
93782015
90111999
93454335
90243071
87687167
93519871
87883775
93519871
56360959
56033279
93716479
55705599
114491391
46858239
114556927
114622463
93454335
47054847
93519871
88539135
93650943
93782015
90963967
93847551
93716479
113704959
113508351
91226111
93913087
87687167
88604671
93716479
91422719
113180671
113246207
93978623
93913087
93978623
87949311
93978623
93978623
93978623
91815935
56066047
94175231
87818239
87818239
92078079
92143615
94306303
92012543
91815935
91815935
91619327
91619327
91422719
91291647
87949311
91291647
94502911
91422719
114032639
94568447
55083007
94633983
55148543
94437375
94437375
94371839
113508351
91750399
93782015
88080383
87752703
92012543
87949311
92143615
94175231
91750399
94240767
88145919
94240767
94175231
87621631
94240767
93847551
93913087
113967103
90439679
90177535
94240767
87752703
94306303
54001663
94437375
94240767
113967103
113901567
94240767
113836031
113836031
90701823
94306303
90832895
90832895
93716479
90701823
93454335
90505215
44171263
88801279
37715967
88604671
54296575
88866815
54394879
94044159
88670207
94109695
114819071
114819071
94240767
88145919
94371839
53444607
88276991
91357183
89391103
37552127
89587711
91619327
89718783
94502911
94437375
114687999
94240767
87293951
94109695
94044159
91815935
44105727
89915391
89718783
91947007
94371839
89653247
92143615
94568447
86769663
89980927
94568447
89849855
94699519
52264959
92143615
94830591
89587711
89391103
94961663
89522175
89587711
94765055
92471295
86835199
95027199
86704127
94961663
115671039
95027199
95027199
51412991
86638591
95092735
115605503
93126655
95289343
95420415
95354879
86310911
93323263
89718783
93454335
95551487
93519871
95551487
93650943
95485951
50495487
50561023
95748095
89522175
115277823
94044159
95551487
93913087
95551487
95354879
89849855
94896127
89849855
93126655
94502911
114032639
89587711
94568447
94633983
94699519
94633983
86835199
94765055
94830591
89915391
94699519
90046463
94699519
114032639
94830591
94896127
113967103
89260031
94830591
94896127
86638591
93454335
89456639
95223807
93519871
95158271
113704959
95158271
95223807
87293951
93716479
87425023
89587711
93913087
89718783
87490559
94109695
48365567
114360319
94699519
94699519
94699519
94765055
93978623
94896127
95027199
93716479
95092735
113311743
93913087
93716479
93650943
95551487
93585407
89849855
95748095
95813631
95813631
113573887
87359487
113573887
113442815
95289343
95027199
93061119
95092735
113573887
87293951
94830591
47349759
93257727
94830591
94896127
94961663
47611903
41091071
93782015
29622271
93913087
88866815
95289343
88932351
94044159
95420415
41680895
95420415
89325567
95420415
95354879
94306303
87949311
95420415
89325567
94502911
113115135
94568447
95748095
94699519
94306303
95682559
113049599
89194495
89260031
112984063
94175231
96141311
112787455
96010239
96075775
96075775
96141311
95879167
113115135
95748095
93978623
93716479
88932351
47087615
95748095
95551487
113311743
88604671
88735743
93650943
113508351
95617023
95551487
95551487
95551487
94175231
95354879
95420415
95092735
47841279
87162879
95158271
88670207
87031807
94437375
47677439
88735743
47054847
94306303
46956543
95551487
89063423
94175231
95748095
95551487
87687167
95813631
46301183
95879167
87883775
95944703
95879167
114229247
