Running 2m test @ http://10.43.68.170:8080/wrk2-api/home-timeline/read
  4 threads and 328 connections

  Thread calibration: mean lat.: 11.412ms, rate sampling interval: 33ms
  Thread calibration: mean lat.: 11.242ms, rate sampling interval: 32ms
  Thread calibration: mean lat.: 11.597ms, rate sampling interval: 33ms
  Thread calibration: mean lat.: 11.415ms, rate sampling interval: 33ms

-----------------------------------------------------------------------
Test Results @ http://10.43.68.170:8080/wrk2-api/home-timeline/read 
Sent 228989 requests

  Thread Stats   Avg      Stdev     99%   +/- Stdev
    Latency    11.92ms    5.05ms  32.14ms   87.15%
    Req/Sec   648.09    136.23     0.97k    69.01%
  Latency Distribution (HdrHistogram - Recorded Latency)
 50.000%   10.63ms
 75.000%   12.96ms
 90.000%   17.39ms
 99.000%   32.14ms
 99.900%   49.89ms
 99.990%   68.10ms
 99.999%   93.69ms
100.000%  102.46ms

  Detailed Percentile spectrum:
       Value   Percentile   TotalCount 1/(1-Percentile)

       0.762     0.000000            1         1.00
       7.975     0.100000        20476         1.11
       8.767     0.200000        41055         1.25
       9.415     0.300000        61431         1.43
      10.015     0.400000        81899         1.67
      10.631     0.500000       102209         2.00
      10.967     0.550000       112326         2.22
      11.335     0.600000       122477         2.50
      11.767     0.650000       132810         2.86
      12.287     0.700000       142906         3.33
      12.959     0.750000       153186         4.00
      13.383     0.775000       158260         4.44
      13.895     0.800000       163348         5.00
      14.495     0.825000       168424         5.71
      15.263     0.850000       173528         6.67
      16.207     0.875000       178653         8.00
      16.767     0.887500       181178         8.89
      17.391     0.900000       183770        10.00
      18.127     0.912500       186303        11.43
      18.975     0.925000       188823        13.33
      19.999     0.937500       191389        16.00
      20.623     0.943750       192646        17.78
      21.311     0.950000       193927        20.00
      22.095     0.956250       195226        22.86
      23.023     0.962500       196471        26.67
      24.271     0.968750       197761        32.00
      24.943     0.971875       198389        35.56
      25.775     0.975000       199027        40.00
      26.671     0.978125       199668        45.71
      27.679     0.981250       200307        53.33
      28.895     0.984375       200938        64.00
      29.679     0.985938       201258        71.11
      30.527     0.987500       201574        80.00
      31.535     0.989062       201894        91.43
      32.655     0.990625       202214       106.67
      34.015     0.992188       202534       128.00
      34.751     0.992969       202690       142.22
      35.679     0.993750       202853       160.00
      36.671     0.994531       203013       182.86
      37.823     0.995313       203170       213.33
      39.327     0.996094       203333       256.00
      40.191     0.996484       203413       284.44
      41.215     0.996875       203489       320.00
      42.399     0.997266       203570       365.71
      43.487     0.997656       203648       426.67
      44.895     0.998047       203728       512.00
      45.727     0.998242       203767       568.89
      46.815     0.998437       203807       640.00
      47.679     0.998633       203846       731.43
      48.703     0.998828       203886       853.33
      50.111     0.999023       203928      1024.00
      51.039     0.999121       203946      1137.78
      52.319     0.999219       203966      1280.00
      52.991     0.999316       203986      1462.86
      54.719     0.999414       204006      1706.67
      56.415     0.999512       204026      2048.00
      57.247     0.999561       204036      2275.56
      58.207     0.999609       204046      2560.00
      59.359     0.999658       204056      2925.71
      60.607     0.999707       204066      3413.33
      62.335     0.999756       204077      4096.00
      63.583     0.999780       204081      4551.11
      64.031     0.999805       204086      5120.00
      64.319     0.999829       204091      5851.43
      65.375     0.999854       204096      6826.67
      66.687     0.999878       204102      8192.00
      66.751     0.999890       204103      9102.22
      68.607     0.999902       204106     10240.00
      70.527     0.999915       204108     11702.86
      73.471     0.999927       204111     13653.33
      75.583     0.999939       204113     16384.00
      75.967     0.999945       204114     18204.44
      78.911     0.999951       204116     20480.00
      82.623     0.999957       204117     23405.71
      83.263     0.999963       204118     27306.67
      83.327     0.999969       204119     32768.00
      83.519     0.999973       204120     36408.89
      90.815     0.999976       204121     40960.00
      90.815     0.999979       204121     46811.43
      92.159     0.999982       204122     54613.33
      92.159     0.999985       204122     65536.00
      93.695     0.999986       204123     72817.78
      93.695     0.999988       204123     81920.00
      93.695     0.999989       204123     93622.86
      98.431     0.999991       204124    109226.67
      98.431     0.999992       204124    131072.00
      98.431     0.999993       204124    145635.56
      98.431     0.999994       204124    163840.00
      98.431     0.999995       204124    187245.71
     102.463     0.999995       204125    218453.33
     102.463     1.000000       204125          inf
#[Mean    =       11.922, StdDeviation   =        5.052]
#[Max     =      102.400, Total count    =       204125]
#[Buckets =           27, SubBuckets     =         2048]
-----------------------------------------------------------------------
  228954 requests in 1.50m, 3.08GB read
Requests/sec:   2543.91  
Transfer/sec:     35.02MB
