filename /users/adas2125/stateful-scaling/results/socialne
Running 10m test @ http://10.43.68.170:8080/wrk2-api/home-timeline/read
  4 threads and 328 connections

  Thread calibration: mean lat.: 10.719ms, rate sampling interval: 29ms
  Thread calibration: mean lat.: 10.921ms, rate sampling interval: 30ms
  Thread calibration: mean lat.: 10.776ms, rate sampling interval: 29ms
  Thread calibration: mean lat.: 10.884ms, rate sampling interval: 29ms

-----------------------------------------------------------------------
Test Results @ http://10.43.68.170:8080/wrk2-api/home-timeline/read 
Sent 1528377 requests

  Thread Stats   Avg      Stdev     99%   +/- Stdev
    Latency    11.64ms    4.92ms  30.91ms   88.48%
    Req/Sec   648.19    143.84     1.00k    69.24%
  Latency Distribution (HdrHistogram - Recorded Latency)
 50.000%   10.49ms
 75.000%   12.57ms
 90.000%   16.51ms
 99.000%   30.91ms
 99.900%   54.33ms
 99.990%   85.44ms
 99.999%  119.61ms
100.000%  232.32ms

  Detailed Percentile spectrum:
       Value   Percentile   TotalCount 1/(1-Percentile)

       0.355     0.000000            1         1.00
       7.919     0.100000       151008         1.11
       8.687     0.200000       301030         1.25
       9.327     0.300000       453075         1.43
       9.911     0.400000       603361         1.67
      10.495     0.500000       752336         2.00
      10.815     0.550000       828828         2.22
      11.151     0.600000       902544         2.50
      11.535     0.650000       977921         2.86
      11.991     0.700000      1053116         3.33
      12.575     0.750000      1128958         4.00
      12.935     0.775000      1166411         4.44
      13.367     0.800000      1203691         5.00
      13.911     0.825000      1241390         5.71
      14.575     0.850000      1278516         6.67
      15.423     0.875000      1316134         8.00
      15.935     0.887500      1335017         8.89
      16.511     0.900000      1353738        10.00
      17.183     0.912500      1372698        11.43
      17.967     0.925000      1391583        13.33
      18.895     0.937500      1410132        16.00
      19.455     0.943750      1419554        17.78
      20.095     0.950000      1428947        20.00
      20.831     0.956250      1438337        22.86
      21.711     0.962500      1447813        26.67
      22.799     0.968750      1457137        32.00
      23.455     0.971875      1461876        35.56
      24.207     0.975000      1466520        40.00
      25.103     0.978125      1471285        45.71
      26.143     0.981250      1475925        53.33
      27.471     0.984375      1480673        64.00
      28.239     0.985938      1482986        71.11
      29.151     0.987500      1485363        80.00
      30.175     0.989062      1487668        91.43
      31.455     0.990625      1490021       106.67
      32.991     0.992188      1492377       128.00
      33.919     0.992969      1493547       142.22
      35.039     0.993750      1494746       160.00
      36.255     0.994531      1495907       182.86
      37.663     0.995313      1497075       213.33
      39.391     0.996094      1498250       256.00
      40.447     0.996484      1498835       284.44
      41.695     0.996875      1499434       320.00
      43.135     0.997266      1500020       365.71
      44.703     0.997656      1500608       426.67
      46.655     0.998047      1501190       512.00
      47.807     0.998242      1501480       568.89
      49.119     0.998437      1501774       640.00
      50.591     0.998633      1502066       731.43
      52.415     0.998828      1502357       853.33
      54.719     0.999023      1502653      1024.00
      56.031     0.999121      1502798      1137.78
      57.535     0.999219      1502946      1280.00
      59.167     0.999316      1503094      1462.86
      61.247     0.999414      1503238      1706.67
      63.807     0.999512      1503385      2048.00
      65.599     0.999561      1503461      2275.56
      67.391     0.999609      1503533      2560.00
      68.991     0.999658      1503605      2925.71
      70.655     0.999707      1503680      3413.33
      72.767     0.999756      1503752      4096.00
      74.175     0.999780      1503790      4551.11
      76.095     0.999805      1503827      5120.00
      77.695     0.999829      1503863      5851.43
      79.423     0.999854      1503899      6826.67
      81.919     0.999878      1503936      8192.00
      83.775     0.999890      1503955      9102.22
      85.631     0.999902      1503973     10240.00
      87.807     0.999915      1503992     11702.86
      89.919     0.999927      1504009     13653.33
      92.543     0.999939      1504028     16384.00
      93.311     0.999945      1504037     18204.44
      95.295     0.999951      1504046     20480.00
      98.239     0.999957      1504055     23405.71
     100.479     0.999963      1504064     27306.67
     103.999     0.999969      1504074     32768.00
     105.535     0.999973      1504078     36408.89
     107.903     0.999976      1504083     40960.00
     109.759     0.999979      1504087     46811.43
     113.535     0.999982      1504092     54613.33
     116.287     0.999985      1504097     65536.00
     117.247     0.999986      1504099     72817.78
     118.463     0.999988      1504101     81920.00
     118.591     0.999989      1504103     93622.86
     120.063     0.999991      1504106    109226.67
     122.175     0.999992      1504108    131072.00
     122.687     0.999993      1504109    145635.56
     123.839     0.999994      1504110    163840.00
     126.335     0.999995      1504111    187245.71
     131.199     0.999995      1504113    218453.33
     134.271     0.999996      1504114    262144.00
     134.271     0.999997      1504114    291271.11
     138.751     0.999997      1504115    327680.00
     138.751     0.999997      1504115    374491.43
     154.623     0.999998      1504116    436906.67
     158.591     0.999998      1504117    524288.00
     158.591     0.999998      1504117    582542.22
     158.591     0.999998      1504117    655360.00
     158.591     0.999999      1504117    748982.86
     217.599     0.999999      1504118    873813.33
     217.599     0.999999      1504118   1048576.00
     217.599     0.999999      1504118   1165084.44
     217.599     0.999999      1504118   1310720.00
     217.599     0.999999      1504118   1497965.71
     232.319     0.999999      1504119   1747626.67
     232.319     1.000000      1504119          inf
#[Mean    =       11.637, StdDeviation   =        4.921]
#[Max     =      232.192, Total count    =      1504119]
#[Buckets =           27, SubBuckets     =         2048]
-----------------------------------------------------------------------
  1528341 requests in 10.00m, 20.55GB read
Requests/sec:   2547.23  
Transfer/sec:     35.08MB
