Running 10m test @ http://nginx-thrift.social-network.svc.cluster.local:8080
  2 threads and 32 connections

  Thread calibration: mean lat.: 14.817ms, rate sampling interval: 36ms
  Thread calibration: mean lat.: 14.923ms, rate sampling interval: 38ms

-----------------------------------------------------------------------
Test Results @ http://nginx-thrift.social-network.svc.cluster.local:8080 
  Thread Stats   Avg      Stdev     99%   +/- Stdev
    Latency    38.65ms   69.03ms 343.04ms   92.10%
    Req/Sec    50.15     47.35   194.00     58.05%
  Latency Distribution (HdrHistogram - Recorded Latency)
 50.000%   11.04ms
 75.000%   42.11ms
 90.000%   96.89ms
 99.000%  343.04ms
 99.900%  741.89ms
 99.990%    1.06s 
 99.999%    1.17s 
100.000%    1.31s 

  Detailed Percentile spectrum:
       Value   Percentile   TotalCount 1/(1-Percentile)

       3.265     0.000000            1         1.00
       8.815     0.100000         5931         1.11
       9.455     0.200000        11765         1.25
       9.927     0.300000        17661         1.43
      10.423     0.400000        23543         1.67
      11.039     0.500000        29411         2.00
      11.527     0.550000        32337         2.22
      12.359     0.600000        35265         2.50
      14.887     0.650000        38190         2.86
      24.959     0.700000        41128         3.33
      42.111     0.750000        44065         4.00
      50.847     0.775000        45538         4.44
      59.007     0.800000        47007         5.00
      67.775     0.825000        48479         5.71
      76.671     0.850000        49950         6.67
      86.399     0.875000        51420         8.00
      91.327     0.887500        52146         8.89
      96.895     0.900000        52883        10.00
     102.911     0.912500        53619        11.43
     110.271     0.925000        54348        13.33
     125.759     0.937500        55083        16.00
     136.959     0.943750        55453        17.78
     149.247     0.950000        55820        20.00
     161.919     0.956250        56186        22.86
     176.255     0.962500        56550        26.67
     193.919     0.968750        56917        32.00
     202.751     0.971875        57102        35.56
     212.479     0.975000        57285        40.00
     229.759     0.978125        57469        45.71
     252.287     0.981250        57652        53.33
     279.039     0.984375        57835        64.00
     294.143     0.985938        57930        71.11
     307.199     0.987500        58019        80.00
     326.399     0.989062        58112        91.43
     353.279     0.990625        58204       106.67
     383.231     0.992188        58295       128.00
     396.799     0.992969        58340       142.22
     414.207     0.993750        58386       160.00
     435.967     0.994531        58432       182.86
     460.031     0.995313        58480       213.33
     486.655     0.996094        58524       256.00
     508.671     0.996484        58547       284.44
     525.311     0.996875        58570       320.00
     552.959     0.997266        58593       365.71
     581.119     0.997656        58617       426.67
     602.623     0.998047        58639       512.00
     616.959     0.998242        58650       568.89
     649.215     0.998437        58662       640.00
     671.743     0.998633        58674       731.43
     703.999     0.998828        58685       853.33
     751.103     0.999023        58696      1024.00
     769.023     0.999121        58702      1137.78
     792.575     0.999219        58708      1280.00
     811.007     0.999316        58713      1462.86
     844.287     0.999414        58719      1706.67
     869.887     0.999512        58725      2048.00
     879.103     0.999561        58728      2275.56
     901.631     0.999609        58731      2560.00
     937.471     0.999658        58733      2925.71
     964.607     0.999707        58737      3413.33
     980.991     0.999756        58739      4096.00
     991.231     0.999780        58741      4551.11
    1004.543     0.999805        58742      5120.00
    1027.071     0.999829        58743      5851.43
    1053.695     0.999854        58745      6826.67
    1054.719     0.999878        58746      8192.00
    1059.839     0.999890        58747      9102.22
    1068.031     0.999902        58748     10240.00
    1068.031     0.999915        58748     11702.86
    1069.055     0.999927        58749     13653.33
    1150.975     0.999939        58750     16384.00
    1150.975     0.999945        58750     18204.44
    1161.215     0.999951        58751     20480.00
    1161.215     0.999957        58751     23405.71
    1161.215     0.999963        58751     27306.67
    1166.335     0.999969        58752     32768.00
    1166.335     0.999973        58752     36408.89
    1166.335     0.999976        58752     40960.00
    1166.335     0.999979        58752     46811.43
    1166.335     0.999982        58752     54613.33
    1306.623     0.999985        58753     65536.00
    1306.623     1.000000        58753          inf
#[Mean    =       38.649, StdDeviation   =       69.026]
#[Max     =     1305.600, Total count    =        58753]
#[Buckets =           27, SubBuckets     =         2048]
-----------------------------------------------------------------------
  59792 requests in 10.00m, 721.96MB read
  Socket errors: connect 0, read 0, write 0, timeout 19
Requests/sec:     99.65  
Transfer/sec:      1.20MB
