Running 10m test @ http://nginx-thrift.social-network.svc.cluster.local:8080
  2 threads and 32 connections

  Thread calibration: mean lat.: 13.065ms, rate sampling interval: 26ms
  Thread calibration: mean lat.: 12.310ms, rate sampling interval: 25ms

-----------------------------------------------------------------------
Test Results @ http://nginx-thrift.social-network.svc.cluster.local:8080 
  Thread Stats   Avg      Stdev     99%   +/- Stdev
    Latency    28.79ms   38.71ms 183.81ms   86.14%
    Req/Sec    50.64     57.86   250.00     83.70%
  Latency Distribution (HdrHistogram - Recorded Latency)
 50.000%   11.04ms
 75.000%   28.19ms
 90.000%   81.92ms
 99.000%  183.81ms
 99.900%  306.94ms
 99.990%  435.71ms
 99.999%  569.85ms
100.000%  603.14ms

  Detailed Percentile spectrum:
       Value   Percentile   TotalCount 1/(1-Percentile)

       3.379     0.000000            1         1.00
       8.895     0.100000         5927         1.11
       9.559     0.200000        11830         1.25
      10.015     0.300000        17713         1.43
      10.471     0.400000        23566         1.67
      11.039     0.500000        29413         2.00
      11.431     0.550000        32364         2.22
      11.975     0.600000        35265         2.50
      12.991     0.650000        38209         2.86
      16.607     0.700000        41140         3.33
      28.191     0.750000        44071         4.00
      36.991     0.775000        45542         4.44
      45.823     0.800000        47016         5.00
      54.495     0.825000        48480         5.71
      63.231     0.850000        49949         6.67
      72.575     0.875000        51421         8.00
      77.119     0.887500        52153         8.89
      81.919     0.900000        52889        10.00
      87.167     0.912500        53624        11.43
      91.967     0.925000        54360        13.33
      97.727     0.937500        55095        16.00
     100.607     0.943750        55463        17.78
     104.127     0.950000        55824        20.00
     108.543     0.956250        56193        22.86
     114.111     0.962500        56559        26.67
     124.479     0.968750        56928        32.00
     130.495     0.971875        57109        35.56
     138.111     0.975000        57298        40.00
     145.407     0.978125        57477        45.71
     154.495     0.981250        57661        53.33
     163.199     0.984375        57843        64.00
     168.703     0.985938        57935        71.11
     174.719     0.987500        58028        80.00
     180.735     0.989062        58123        91.43
     186.239     0.990625        58212       106.67
     194.047     0.992188        58302       128.00
     198.783     0.992969        58348       142.22
     205.439     0.993750        58395       160.00
     212.351     0.994531        58440       182.86
     219.519     0.995313        58486       213.33
     228.991     0.996094        58532       256.00
     234.495     0.996484        58555       284.44
     242.303     0.996875        58578       320.00
     250.623     0.997266        58601       365.71
     261.247     0.997656        58625       426.67
     272.895     0.998047        58647       512.00
     276.223     0.998242        58658       568.89
     285.951     0.998437        58670       640.00
     289.791     0.998633        58681       731.43
     301.823     0.998828        58693       853.33
     309.759     0.999023        58704      1024.00
     317.951     0.999121        58710      1137.78
     329.727     0.999219        58716      1280.00
     337.407     0.999316        58721      1462.86
     345.343     0.999414        58727      1706.67
     356.607     0.999512        58733      2048.00
     360.447     0.999561        58736      2275.56
     364.799     0.999609        58739      2560.00
     371.711     0.999658        58741      2925.71
     391.423     0.999707        58744      3413.33
     395.519     0.999756        58747      4096.00
     398.847     0.999780        58749      4551.11
     399.103     0.999805        58750      5120.00
     407.039     0.999829        58751      5851.43
     414.463     0.999854        58753      6826.67
     434.943     0.999878        58754      8192.00
     435.711     0.999890        58755      9102.22
     441.599     0.999902        58756     10240.00
     441.599     0.999915        58756     11702.86
     448.255     0.999927        58757     13653.33
     494.335     0.999939        58758     16384.00
     494.335     0.999945        58758     18204.44
     513.535     0.999951        58759     20480.00
     513.535     0.999957        58759     23405.71
     513.535     0.999963        58759     27306.67
     569.855     0.999969        58760     32768.00
     569.855     0.999973        58760     36408.89
     569.855     0.999976        58760     40960.00
     569.855     0.999979        58760     46811.43
     569.855     0.999982        58760     54613.33
     603.135     0.999985        58761     65536.00
     603.135     1.000000        58761          inf
#[Mean    =       28.793, StdDeviation   =       38.715]
#[Max     =      602.624, Total count    =        58761]
#[Buckets =           27, SubBuckets     =         2048]
-----------------------------------------------------------------------
  59801 requests in 10.00m, 722.07MB read
  Socket errors: connect 0, read 0, write 0, timeout 19
Requests/sec:     99.67  
Transfer/sec:      1.20MB
